011100110001
011100110001
011100110001
011000110001
011100110010
011000110001
011000110010
111111001010
110010000111
110010010111
101110000110
011101000010
100001010011
101010000101
101010000101
101010000100
101001110100
101110000101
011000110001
011100110001
011100110010
011100110010
011100110001
011000100000
011000100000
011000100000
011000100000
011000100001
011000100001
011000100001
011000100001
011000100001
011000100000
011000100001
011100110001
011100110001
011100110001
011100110001
011100110001
011100110001
011100110001
011100110001
011100110001
011100110010
011100110001
011100110001
011100110010
011000100001
011000100000
011000100000
011000100001
011000100001
011000100001
011000100001
011000100001
011100110001
011100110010
011100110010
011100110010
011100110010
011100110001
011000110010
010100110001
000100000000
011100100001
011100110010
011100110001
011100110010
011000110001
011000110001
011000110010
111111011100
111111001010
101110000111
110010010111
101110000110
011101010010
100001010011
101001110100
101010000100
101010000100
101001110100
101110000101
011000100000
011000110001
011100110010
011100110010
011100110001
011100110001
011100110001
011100110010
011100110010
011100110010
011100110010
011100110001
011100110010
011100110010
011100110010
011100110001
011100110001
011000100001
011100110001
011100110001
011100110001
011000100001
011000100000
011000100001
010100010000
011000100001
011000100001
011100110010
011100110010
011100110010
011100110001
011100110010
011100110010
011100110010
011100110010
011100110001
011100110001
011000110010
011100110010
011000100001
010100100001
011000100001
010100100001
010100100001
000100000000
011100110010
011100110001
011100110001
011000110001
011100110010
011100110010
011100110010
011000110010
110010000111
111111001010
101110000110
110010010111
101110000110
100001010011
101010000101
101010000101
101010000100
101001110100
101001110100
101110000101
101101110101
011000100000
010100100000
011000100001
011000100001
011000100001
011000100001
010100100001
011000100001
011100110010
011000110001
011100110010
011100110010
011100110001
011100110010
011100110010
011100110010
011100110010
011100110010
011100110010
011000100001
011100110010
011100110010
011100110010
011100110010
011000100010
011100110010
011100110010
011100110010
011100110010
011100110010
011000110010
011000100001
011000100000
011000100001
011000100001
011000100001
010100100001
011000100001
011000100001
010100100001
010100100001
011000110011
000100000000
011100110010
011000110001
011100110010
011100110010
011100110001
011000110001
011000110001
011000110010
111111011100
110010000111
101110000111
101110000110
110010010111
011101000010
100001010011
101001110101
101010000101
101001110100
101001110100
101001110100
101010000101
101010000101
101110000110
010100100000
011000100001
011000100001
011000100001
011000100001
011000100001
011000100001
011000100000
010100100000
011000100001
011000100001
011000100001
011000100001
011000100001
011000100001
011000100001
011000100001
011000100001
011000100001
010100010001
011000100001
011000100001
011000100001
011000100001
011000100001
011000100001
011000100001
011000100001
011000100001
011000100001
011000100001
011000100001
010100100001
011000100001
010100100001
010100100001
011000100010
011000110010
010000010001
010000010001
000100000000
011100110010
011100110001
011100110010
011100110001
011100110001
011100110010
011000110001
111111101101
011100110010
111110111010
111010111010
101110010111
101110000111
101110000110
011101000010
100001010011
100001010011
101010000101
101010000101
101001110100
101010000100
101010000100
101001110100
110010100111
110110010111
111010101000
110110010111
110010000110
110110010110
110010000110
010100100000
010100100000
011000100001
011000100001
011000100001
011000100001
010100010001
011000100001
011000100001
011000100001
011000100001
010100010001
011000110010
010100100001
010100100001
011000100001
011000100001
010100100001
011000100001
011000100001
010100100001
010100100001
011000100001
011000100001
011000100001
011000100001
010100100001
011000100010
011000110010
010100010001
010000010001
010000010001
001100010001
000100000000
011000110001
011100110010
011000110001
011100110010
011100110001
011000110001
011100110001
011000110001
111110111010
110010000111
110010000111
111111001010
110010010111
011101000010
101110000110
011101000010
100001100011
100001010011
101010000101
101010000101
101010000100
101010000101
101001110100
101010000101
101110000101
110110100111
110110010110
110110010110
110110010110
110110010110
110010010110
110010010110
011000100000
011000100000
011000100001
011000100001
011000100001
011000100001
011000100001
011000100001
011000100001
011000100001
010100100001
011000100001
011000100001
011000100001
011000100001
011000100001
010100100001
011000100001
011000100001
011000100001
011000100001
011000100001
010100100001
010100100001
011000110010
010000010000
010000010001
010000010001
010100010001
010000010001
001100010010
000100000000
011100110010
011100110010
011100110010
011100110010
011100110001
011100110010
011100110001
011100110010
011100110010
011100110010
111111011100
111110111010
110010010111
101110000111
101110000110
011101000010
011001000010
100001100100
011101010011
101010000101
100101110100
101010000101
101010000101
101010000100
101001110100
101110000100
110110010110
111010100110
111110111000
110110000110
110010000110
110110010110
110010010110
110010000101
110110010110
110010000110
110110010111
110110101000
111110111010
111111001010
010100100001
011000100001
010100100001
010100100001
011000100010
010100100001
010100100001
011000100001
010100100001
011000100001
010100100001
010100100001
011000110010
011000110010
010100100001
010100010001
010000010001
010000010001
010100010001
010000010001
010000010001
001100000001
001000000001
000100000000
011000100001
011000100001
011000100001
011000100001
011100110001
011100110001
011100110001
011100110001
011100110010
111110111010
011100110010
110010000111
111111011100
111111001010
101110010111
101110000111
011001000010
011101010010
100001100011
011101010011
100001100011
101001110101
101010000101
101001110100
101110000100
101101110100
110110010101
110110010101
111010100111
111111001001
110110000110
110110000110
110010010101
111010100110
110110100110
110010010101
101101110100
110110010111
110110100111
110110010111
110110011000
111111001010
111111011100
011000100001
010100100001
011000100001
011000100001
010100100001
011000110010
011000110010
010100010001
010000010000
010000010001
010000010001
010000010000
010000010001
010000010001
010000010001
010000010001
010000010001
010000000000
001100000001
001100010001
000000000000
011000100001
011000100001
011100100001
011100100001
011100100001
011000100001
011100100001
011000100001
011000100001
011100110010
011100110010
111111001010
110010000111
110010000111
110010000111
101110000110
101110010110
101110000110
110110100111
110110100111
110110100111
110110100111
101101110100
110010010110
110010010101
101110000100
110110010101
110010010101
111010100110
111010100110
111111001001
110110000101
111010100110
110110100110
110010000101
110110010101
110110010110
110110100110
110110010111
110110100111
110110010111
110110011000
110110101000
110110011000
111111001010
111111101100
010100010000
010000010000
010100010000
010000010000
010000010001
010000010001
010000010001
010000010001
010100010001
010000010001
010000010001
001100000000
010000000000
010000010000
001100000000
001100010000
001100010001
000000000000
011100100001
011000100001
011000100001
011000100001
011000100001
011000100001
011000100001
011000100001
011100110001
011000100001
011000100001
011100110010
011000110001
101110000110
110110101000
110110010111
110110101000
110110100111
110010010110
110010000110
110010000110
110010000110
111111001001
110010010110
110010010110
101110000100
101110000100
110010010101
101101110011
111010100110
111110111000
110110010101
110110100110
110010010101
110010000100
110110010110
110110010110
110010000101
110110010110
110010010110
110110100111
110110101000
110110010111
110110101000
110110010111
110110011000
110110101000
110110011000
110110101000
010000010000
010000010000
010000010001
010000010001
010000000000
001100000000
010000010000
001100000000
010000010000
010000010000
010000000000
001100000000
001100010000
001100010000
000000000000
011100100001
011000100001
011000100001
011000100001
011000100001
011100100001
011100100001
011000100001
011000100001
011000100001
011000100001
111110111010
011000110001
110110101000
110110010111
111110111010
111110111010
111110111010
111110111010
111010010111
110110010110
110110010110
110010000101
110010000110
110010010110
110010000101
101101110100
110010010101
110010000101
101101110100
111010100111
111010100111
110110010101
101101110100
110110000101
110110010110
110010000110
111111001001
111111001001
110010010110
110110010111
110110100111
110110010111
110110100111
110110100111
110110100111
101001110101
110110100111
110110100111
110110101000
110110011000
010000010000
010000010000
010000010000
010000000000
001100000000
010000010000
001100010000
010000010000
100001100100
100101100100
100001100100
100001100101
000100000000
011000100001
011000100001
011000100001
011000100001
011000100001
011000100001
011000100001
011000100001
011000100001
011100110010
011000100001
011000100001
110110011000
111110111010
111110111001
111111001010
111110111010
110110011000
111010011000
111010010111
111010010111
111110101000
110110010110
110010010110
110010010110
110010000110
101001110100
101110000101
110010010110
110010000110
111010100111
111010010111
110110000110
111110111001
111010100111
111110111001
111111001001
110110010110
110010000110
110010010110
110010010110
110010010110
110110100111
111111001001
110110010111
110110100111
110110100111
101001110101
101001110100
110110100111
110110100111
110110101000
110110011000
101001110101
101110000110
100101100100
100001100100
100101100100
100001100011
100101100011
100101100100
100001100011
100001100100
000100000000
011000100001
011000100001
011000100001
011000100001
011000100001
011000100001
011000100001
011000100001
011000110010
011000100001
111110111010
011100110010
111111001010
111111001010
110110011000
110110010111
111110111010
111110111010
111110111010
110110000110
110110010110
110110010110
110010000101
111010100110
110110100110
110110100111
110110100111
101101110100
110010000110
111111001001
110110010111
111111001001
111010100111
111010010110
111010010110
111010010110
110110000101
111010100111
110110100111
110110100111
110110010111
110110100111
110110010111
110110100111
111111001010
111111101100
110110011000
110110100111
101101110100
101110000100
101001110101
101010000101
101101110101
101001110101
101001110101
100101100011
100101100011
100101100011
100101100011
100101100011
100101100011
100101100011
100001100100
000100000000
011100110010
011100110010
011100110010
011000110010
011000110010
011000110010
011000110010
011100110010
011000100001
111111101101
111110111011
110110011000
111110111010
111110111001
110110011000
111110111010
111110111010
111111001010
111110111010
110110010111
110110100111
110110100111
110010010101
110010010101
110110100110
111010100111
111010100111
111010100111
110110010110
111110111001
111010010111
111010010111
110110000101
110110000101
110110010101
111010010110
110110010110
110010000101
110010000101
110110010110
110110010110
110010000110
110110010111
110110010111
110110011000
111111001010
110110010111
110110101000
110110100111
100101100010
101110000101
100101100011
101001110100
101110000101
101001110100
101010000100
101010000100
101001110100
101010000100
101001110100
100101100011
100101100011
100001100100
000100000000
011000100001
010100100001
010100100001
010100100001
010100100001
010100100001
010100100001
010100100001
011000100010
111010111010
111111101101
111110111010
111110111010
111010101000
111110111010
111110111010
110110011000
111110111010
111111001011
111110111011
110110101001
110110101000
110110101000
101001110100
110010000101
111110111000
111010100111
111110111000
110110000101
111010100110
111010010110
111010100110
111010010110
111010100110
111010100110
111010010110
110110010110
111010100110
111111001001
110010000101
110110100110
110010000110
110010000110
110010010110
110110010111
111111001010
111111101100
110110010111
110110100111
101110000101
100101100011
100101100011
100101100100
100101100011
100101100011
100101100010
101001110100
101010000100
100101100011
100101100011
100101100011
100101100100
110010101001
000100000000
010100100001
010100100001
010100100001
010100100001
010100100001
010100100001
010000010001
010000010001
010000010000
010100010000
111110111011
111111001011
111110111010
111111001010
111111001010
110110011000
111111001011
001000000000
001000000000
001100010000
010000100001
010000100001
010000010000
101001110101
101101110101
110110010110
111110101000
111010010110
111010010110
111010100110
111010010110
111010100110
111111001000
110110010101
110010000101
110110010110
111111001001
110110010111
110110010110
110010010110
110010010110
110010010110
110010010110
110110010111
110110100111
111110111001
111111001010
110110101000
110110100111
110110100111
011101000010
011000110001
011101000010
100101100011
100101100011
100101100011
100001100011
100101100011
100101100011
100001100011
011101000010
110010011000
011101100101
000100000000
010000010001
010000010001
010000010001
010000010001
010000010001
010000010001
010000010001
010000010001
010000010001
010000010000
110110011000
110110011000
110110011000
111111001010
111111001010
111011001011
001000000000
000100000000
001000000000
001000000000
011001000011
110010101001
101110000111
010000010000
101101110101
101101110101
110110000110
111010010111
111010010110
110110000101
111111001000
101101110100
110010010101
110010010101
100101100100
101001110100
101001110100
101001110100
110110011000
110110101000
110110100111
110010000101
110110010101
110110010110
110110010110
110110100111
110110101000
110110010111
110110100111
110110100111
011100110010
011101000010
100101100100
011101000011
100001100100
011000110010
011001000001
011001000001
011001000010
011101000010
100001100100
011101010100
011101100101
000000000000
010000010001
010000010001
010000010001
010000010001
010000010001
010000010001
010000010001
010000010001
010000010000
010100010000
111010101001
110110011000
111111001010
111111001010
110010011000
001000000000
000100000000
000100000000
000100000000
001100100001
001000000000
011001000011
111111011100
011001000010
111110111001
101001110100
110010000101
111010010110
111010100111
110010000100
101110000100
100101100011
100101110011
100101110100
101001110101
011101000011
011101000011
011101000011
111110111011
111110111010
111010111010
110110100111
110110010110
110110100110
101101110100
110110100111
110110010111
110110100111
101001110100
101001110100
011000110010
011101000011
011101000011
011001000011
011001000011
011001000011
011001000011
011001000010
100001100100
100001010100
011101010100
011101100101
011101100101
000000000000
010000010001
010000010001
010000010001
010000010001
010000010001
010000010001
010000010001
010000010001
010000010000
010000010000
010100010000
110110101000
111110111010
111111001010
111111001011
001000000000
000100000000
000100000000
001100010001
111111101110
001000010000
011001000100
110110111010
001100010000
111011001010
101001100100
110110010110
111010100111
110010000100
110010010101
100101110011
100101110100
100101110100
011101010010
011001000011
011001000011
011001000011
010100100010
010000100001
010100100010
010100110010
010100110010
011101010011
110010101000
110110101000
101001110101
101001110101
110110100111
110110100111
101110000101
101001110101
011001000010
011001000010
011001000011
011101100100
011001010011
100001100100
011101010100
100001010100
100001010100
100001010100
111011001011
001100010001
000100000000
010000010001
010000010001
010000010001
010000010001
010000010001
010000010001
010000010001
010000010001
010000010001
111110111011
010100010000
111110111010
111110111010
110110101000
110010010111
001100010000
000100000000
000100000000
000100000000
000100000000
001100010001
011001000011
111111011100
010000010000
111011001010
101001110100
110010000101
110110100110
110010010101
100101100011
100101110100
100101110100
011101000010
011101000011
101010000111
110110101010
010000100010
110010101010
111111011101
011001000100
001100010001
001100010000
001100010000
011101000011
110010101000
101001110101
101001110101
101001110100
110110100111
101001110100
101010000101
101010000101
011001000010
011001010011
011001000011
011101010100
011001000010
100001100100
111111001011
111010111011
010000010001
001100010000
001100010000
000100000000
010000010001
010000010001
010000010001
010000010001
010000010001
010000010001
010000010001
010000010001
010000010001
010000010000
111111001011
110110011000
111010101000
111110111010
110010000111
010000010000
001100010000
000100000000
001000000000
001100010000
011001000011
111111011101
101010000111
010000010000
111111001010
101101110101
110110010111
111010100111
110010000101
100101100011
100101110100
011101000010
100101100101
101110000111
101110001000
100101100110
111111011110
110010101010
011001000011
001100010001
000100000000
000100000000
000100000000
001000000000
110110101001
110110010111
101110000101
101101110100
101001110101
110010100111
101001110100
101010000101
010101000010
011001010011
011001010100
011001000011
100001100100
110010011000
010000010001
010000010001
001100000001
001100010001
001100010001
000100000000
010000010001
010000010001
010000010001
010000010001
010000010001
001100010001
001100010000
001100010000
001100000000
010000010000
110110011000
110110011000
111110111010
111111001010
101001100101
101110010111
001100010000
001100010000
001100010000
011101000011
110110101001
101001110111
010000010000
111111001011
101001110101
110110010111
110110010110
110010010110
101001110100
101001110100
100101110100
011101000011
101110000111
101110001000
110110101010
010100100011
110110011010
111111011101
010000010001
000100000000
000100000000
000100000000
001100010001
000100000000
111011001010
110110101000
110110100111
101001110100
101001110100
101010000101
101110000101
101010000101
101010000101
010100110010
011001010011
011101010100
110010101000
010000100000
001100000000
010000010001
010000010001
001100000000
001000000000
000100000000
001100010000
001100010000
001100010000
001100010000
001100010000
001100010000
001100010000
001100010000
010000010000
110110101001
111110111010
111111001010
111111001010
111010111001
101001100101
101001100100
101110010110
110010010110
110010010110
101110000110
110010010111
111110111010
111111001011
101101110101
110110010111
110110010111
110110010111
110010000110
101001100011
101001100100
100101100100
100101100100
110110101001
101110001000
110010101010
010000010010
110110101011
111111001101
001100010000
000100000000
000100000000
001100100010
111111101110
001000000000
010000010000
110110100111
100101100100
101001110100
101001110100
110110100111
101001110101
101001110100
101010000101
101010000101
001100010000
001100010000
001100010000
001100010000
001100010000
001100000000
001100010000
001100010000
001100010001
000000000000
101010000111
101010000111
101010000111
101010000111
101010000111
101010001000
101010001000
101010001000
101010000111
101110000111
111111001010
111110111010
110110010111
111111001010
111111001010
100101100100
101001110100
110010010110
110010010110
110010010110
110010010111
101001100101
111110111010
110110010111
110110010111
110110010111
110110010111
110110010111
101001100100
101001110100
100101110100
101001110101
100101010101
110110101010
101110001000
010100100011
110110101010
111111011101
001100010001
000100000000
000100000000
000100000000
000100000000
000100000000
010000010000
111111001001
101001110100
100101110100
100101110100
110110100111
101001110101
101110000101
101001110100
101001110101
111111001010
101110000111
101110000111
101010000111
101110001000
101110001000
101010000111
101010011000
100110001000
000000000000
101010000111
101010000111
101010000111
101010000111
101010000111
101010000111
101010000111
101010001000
101010000111
101010000111
110010101000
110110101000
110110100111
111111001001
111111001010
110110101000
100101110100
100101100100
101001110100
100101100100
100101100100
110010000110
110010010111
110110010111
110110010111
110110010111
110110010111
110010010111
100101110100
100101110011
101001110100
100101110100
111111001010
100101100101
110010101001
100101100110
110110101010
110010101010
011001000011
001100010000
001000000000
001000000000
000100000000
001100010000
111011001010
101010000101
100101110011
101010000101
101010000101
100001010011
110110100111
101001110100
101110000101
101001110100
111111001010
111111001010
110110101000
101110000111
110010101001
101010001000
101010001000
101010001000
100110011000
000000000000
101010010111
100110000111
101010000111
100110000111
101010010111
101010010111
101010000111
101010010111
101010010111
101010000111
101110000110
110110101000
110110010111
110110101000
110110100111
110110101000
100101110100
100101110100
100101110100
100101110100
111111011011
110110011000
110110010111
110110010111
110110011000
111010111001
111110111010
110110101001
100101100100
100101110100
101010000101
101001110100
101001110100
111111001001
111111001010
111011001010
100101100101
101001110110
100001100101
010000010000
010000010000
001100010000
001100010000
111111001011
101001110100
101010000101
100101110100
101010000100
101010000101
100001010010
101110000101
101001110101
101001110100
101101110100
111111001010
111110111010
111110111010
110110101000
111110111011
101110000111
111111101101
101010000111
100110011000
000000000000
100110000111
101010010111
100110000110
100110000110
101010000111
101010000111
101010011000
100110000111
100110000111
100101110110
100101110101
110110100111
110110101000
110110101000
110110101000
100101100100
101001110100
100101110100
100101100100
111111101011
101110000110
110010010111
101110000110
110110011000
111110111010
110010011000
100101100101
101001110110
100101100100
100101110100
101010000101
101010000101
101110000101
101101110100
101001110100
111111001001
111110111001
111111001010
111010111010
111111001010
111111001010
111111001010
111111001010
101001110101
101001110100
101010000100
100101110011
101010000101
101010000101
100001010011
100001010011
101010000101
101010000100
101010000100
110010010111
111111001010
111111001011
111111101101
110110011000
110110101000
101010000110
110010101001
111111111110
000000000000
100001110110
101010010111
100110000111
100110000111
101010010111
100110000111
100001110110
100010000110
100101110110
100101110110
111111011010
110110101000
111111101100
111111101100
100101100100
110110101000
100101100100
110110100111
100101110100
111111001010
011000110001
101110000110
110110010111
110001110110
110010000111
110010011000
010000000000
110010101001
100101100101
100101110101
100101110100
101010000101
101001110100
101110000101
101101110100
101101110100
101110000101
101001110101
101001110101
101001110101
101001110101
101101110101
101001110101
101110000101
101110000101
100101110100
100101100011
101010000100
101001110101
100001100011
011101010011
101010000101
101010000100
101001110100
100001010011
110110101000
111110111010
111110111010
111110111010
111110111010
110010100111
111011001010
100001110110
000100000000
100110010111
100110000111
101010010111
100001110110
100110000110
100001110110
100110000111
111111101101
110010111001
110010101001
100101110101
110010101000
110110100111
110110100111
111010111001
111111101100
110110100111
100101110100
100101110100
111010111001
011100110010
110010000110
110001110110
110001110110
110110011000
110110001000
010000000000
101110001000
100101100100
100101100100
100101100100
100101110100
101010000101
101001110100
101001110100
101001110100
101001110100
101010000101
101001110101
101010000101
101101110100
101101110100
101001110100
101001110101
101001110101
100001100100
101110000101
101010000101
100101110101
011101010011
100001100011
101010000101
101010000101
101010000101
100001010011
110010101000
110110011000
111111001010
111110111001
111010101000
111111001010
111111101100
110010101001
000100000000
100010000110
100010000110
100001110110
100110000110
100001110110
111111111110
110010111010
100001110111
100110000111
100101110110
101010000110
101001110110
110010100111
111010111001
111010111001
110110101000
110110101000
100101110100
100101100011
110110101000
111110111010
101101110110
110010000110
110001110110
110001110110
101101110110
101001100101
110110011000
100101100101
100101100100
101010000101
101001110101
100101110100
100101110100
101001110100
101101110100
101001110100
101010000101
101001110100
101001110100
101001110100
101110000100
101001110100
101001110101
101010000110
100101110101
101001110101
101001110100
100101110101
100001100100
100001100011
101001110101
101010000101
101001110101
011001000010
100001010100
110110100111
110110100111
111111001010
110110011000
111111001010
111111001011
110010101001
000100000000
100001110110
100110000110
100110000110
100001110110
100001110110
100101110111
100001110111
100110000111
100001110110
100101110110
100101110110
110010101000
111010111001
110110101000
111111001010
110110101000
100101110100
110110100111
100101110100
101001110101
011000110010
110110011000
110110000111
111110111010
110001110110
110110010111
111010101001
101001110101
100101100100
100101100011
100101100011
101110000101
101010000101
101010000100
101001110100
101101110100
111010111000
100101110011
111010111000
110010010110
110010010101
111010110111
111010111000
111010111001
111111101100
111111101100
110110100111
101001110100
100101110101
011101010011
100001010011
101010000101
101010000101
101010000101
011101010011
011101000010
110110101000
110110100111
110110010111
111110111010
110110101000
110110011000
111011001011
000100000000
100010000110
100001110110
100110000110
100110000110
100101110110
100001110110
100110000111
100001110110
100101110111
100101110110
100101110101
100101110110
110010010111
111111011100
110010011000
110110101000
100101110100
100101110100
101001110100
011000110001
110010000111
111110111010
110110011000
110101110110
111110111010
110001110110
110010000110
101001110100
100101100011
100101110011
101110000100
100101100011
100101110011
101010000100
111010111000
111010100111
101001110100
101001110100
101110000101
101001110100
101001110100
101101110100
101001110100
101001110101
101010000110
101001110101
101001110011
110110100110
111111101100
100001010100
100001100100
101010000101
101001110101
011000110001
011001000010
011101000011
100001010011
110110101000
110110100111
110110100111
110110010111
110110101000
111011001011
001000000000
100010000110
100001110110
100010000110
100110000110
100001110110
100110000110
100001110110
100110000111
100001110110
100110000110
100101110110
111011001010
111111101100
100101110110
110010101000
110010101000
100101110100
011001000001
011000110001
101110000110
111110111010
110010000111
110110000111
110101110111
110101110111
110101110110
101001100100
100101100100
100101100011
100101110011
101001110100
101010000100
100101110100
100101110100
101010000101
101001110101
111010111000
101001110101
101110000110
101001110101
101001110100
101001110100
101110000100
101001110100
101010000101
101001110101
100101110011
100101110011
100001100100
101110010111
110110111001
111111101100
101110010111
010100110001
011001000011
011001000011
100001100011
101010000101
110110010111
110110100111
101001110101
110110100111
110010101000
000100000000
100010000110
100010000110
100001110110
100010000110
100110000110
100110000110
100110000110
100001110110
011101100101
101010011000
101110011000
111111101101
011101100100
011101100100
011101100100
110010101000
110010101000
100101100100
101001100100
111110111010
111110111010
111110101010
111110111011
110101110111
110101110111
110101110111
101101110110
100101100100
100101100011
100101110100
101001110100
101001110100
101001110100
100101100011
100101110100
100101110100
101110010110
111111101100
111111101100
111111101100
101110000110
110010010110
110010010110
110010010110
110010010110
111111101011
100101100011
100101110100
100001010100
100001010100
101001110101
101001110101
101010000110
111111101101
101010000110
011001000011
011101010011
110010101000
101001110101
110110100111
101101110100
110010100111
110010101001
000100000000
100001110110
100110000111
100001110110
011101100101
011101100101
011101100101
011101100101
011101100101
101110101001
011101100101
011101100101
111111101101
100001100101
100101110110
100110000110
100110000110
110010101000
110110101000
100101100101
111111001010
100101010101
101001010101
011100100010
010100000000
111110111011
111110101001
100101010100
100101010100
100101110100
100101110100
110110111000
101001110100
101010000100
110010010110
110010010110
111111101011
100101110100
100101110100
110010100111
110110100111
111010111000
101010000100
100101110011
101001110100
100101110100
100101110100
101110010110
101110000110
111111101100
101010000101
101010000101
101001110101
101010000110
011001000010
011101010011
011001000010
011101010100
100001010011
101101110101
101001110100
101001110100
101010000101
110010101000
000100000000
011101100101
011101100101
011001100101
011101100101
011101100101
011101100101
100010000111
111111101110
100001110111
100110000111
100001110111
101010011001
100101110110
100110000111
011101010101
011101100101
100001100100
110010011000
100101100101
100101010100
100101010101
011100100010
010100010001
011100110011
010100010001
111111001011
110010000111
011101000010
011000110001
100101110100
100101100100
110110111000
100101110011
101010000100
101001110100
101010000101
101001110100
101010000100
101010000101
101010000100
101001110100
110110100111
111111101011
100101110100
100101110100
100101110100
100101110101
100001010100
100001010011
101010000101
110010010110
101001110101
011000110010
011001000011
011001010011
011101100100
011101010011
101001110101
101001110101
101101110101
101001110100
101010000101
110010101000
000100000000
011101100101
011001100101
100110000111
100010000111
100001110110
100110000111
111111101101
011101100101
011101100110
011101100101
011101100110
100110000111
011101010101
011101100101
011101100101
011101100101
011101100100
110010101001
111111001011
100101010101
100101010101
011100110011
011100110011
010000010001
010100010001
011100110011
110110101001
100101100101
011101000011
101001110101
100101110101
100101110100
100101110100
110110100111
100101110100
100101110100
100101110100
100101110100
100101110011
100101110011
100101110100
100101110100
100101110100
110010100111
111111101100
011101010011
100001010100
100001010100
100001100011
101010000101
101010000101
110010010111
011001000010
011101000011
011001000011
011101100100
011001000010
101010000110
101001110100
101110000100
101110000101
110110100111
110010101000
000100000000
011001100101
011101100101
011101100101
011101100101
011101100101
101010101001
011101100110
011101100101
011101100101
011101100110
011101100101
100010000111
011101100110
011101100101
011101100110
011101100101
011101100101
011101010101
111010111011
100101010101
011100100011
011000100011
010100010010
010100010010
010000010001
010100010010
100101100110
101001100110
100001000100
011000110010
011000110010
011001000010
100101100100
100101110100
110010101000
111111101011
100101110100
100101110100
100101100100
101001110100
100101110100
100101100100
100101110100
011001000001
011101010011
101110010111
111111101101
100001100100
011101010011
101010000101
101010000101
011101000010
100101100101
011001000011
011101010100
011101100100
011101000011
101010000101
101010000100
101010000100
101001110100
101010000101
100101110101
000100000000
011101100101
011001100101
011101100101
011101100101
011101100101
011101100101
011101100101
011101100101
011101100101
011101100101
011101100101
011101100101
100001110110
011101100101
011101100101
011101100101
011101100101
011101100101
101001110111
100101010110
011000100011
011000110011
011000110011
010000010001
010100010010
010000010001
010000010001
101001100110
100001010100
011000110010
011000110010
011000110010
011001000010
011101010011
010100110001
100101110101
111111101100
100101110101
100101110101
100101100101
011001000001
010100110001
011001000010
011101010011
011101010011
100001100100
100001100100
110010101000
111111111100
101010000101
011000110001
011101000011
011001000011
011001000011
011001000011
011001000011
101010000101
100101110100
101110000100
101001110100
101010000100
101001110100
101010000110
000100000000
011101100101
011101100101
011101100101
011101100101
011101100101
011101100101
011001100101
011101100101
011101100101
011101100101
011001100101
011101100101
111111101101
011101100101
011101100101
011101100101
011001100101
011101100110
101001110110
100101010101
100101010110
011000100011
011000110011
010100010010
010000010001
010100010010
010100010001
100101100110
100101010101
011000110010
011101010100
011101010100
011000110010
011101010011
011101010011
011101010011
011000110010
111111101101
011000110011
011000110010
011000110010
011101010011
011101010011
011101010011
100001010100
011101010100
011101010100
011101010100
110110111001
110010101000
011000110010
011101000011
011001000011
011001000011
011001000011
011001000011
100110000101
101010000101
101001110100
101010000100
101010000100
100101110100
101010000101
000100000000
011101100101
011001100101
011101100101
011101100101
011101100101
011101100101
011101100101
011101100101
011101100101
011101100101
011101100101
011001100101
011101100101
100010000110
011101100101
011101100101
011101100110
011101100101
100001100110
101001100111
100101010101
110110001001
100101010101
100101010101
011000100011
011000100011
100001000101
111010101010
100001010101
011000110010
011000110010
011000110010
011000110010
011101010100
011101010100
011101010011
011101010100
011101010100
111111101101
011101010100
011101010100
011101010100
011101010011
011101010100
011101010011
011101100100
100001100100
100110000101
100101110110
011001000010
101010000110
011101000011
011001000011
011001000011
011101000011
011001000010
101010000101
100001100010
101010000100
101010000100
101010000100
101010000100
110010101000
000100000000
011101100101
011101100110
011001100101
011001100101
011101100101
011101100101
011101100101
011101100101
011101100101
011101100101
011101100101
011101100101
011001100101
011101100101
011001010100
011001100101
011001100101
011101100101
100001100101
100001010101
110110001001
101101110111
100101000101
011000100011
100101010101
101001100110
111110111011
101001100110
100001010100
011000110011
011000110010
011000110010
100001010100
011101010011
011101010100
011101010100
011101010100
011101010100
011101010100
101110011001
011101010100
011101010100
011101010100
011101010100
011101010100
100001100100
011101010011
100110000110
010100110010
011001000011
011001000011
110010011000
011101000100
011001000011
011001000010
101010000110
100101110100
101010000101
101010000101
101001110100
101010000100
101010000101
100110000110
000100000000
011101100110
011101100110
011101100110
011101100110
011101100110
011101100110
010101000100
010101000100
010101010100
010101000011
010101000100
010101000100
011101100110
011101100110
011001100101
011101100101
011101100110
011101100101
011001000100
111110111011
101001100110
101101100110
101101110111
100101010101
100101010101
110010001000
101101110111
100001010100
100001010100
011000110011
100001010100
011101010011
011000110001
011101010011
011101010100
011101010011
011101010100
011101010100
011101010011
011101010011
101110011000
011101010100
100001010100
011101010100
100001100100
011101010011
101010000110
011001000011
011001000011
011001000011
011001000010
011101010100
111111101101
011001000011
101010000110
100001100011
101010000101
100101110100
100001010010
101010000101
101010000101
011101010011
100101110110
000100000000
010101000100
010101010101
010101000100
010101000100
010101000100
010101000100
010101010101
010101010101
011101100110
011101100110
011101100110
011101100110
011101100110
011101100110
010101010100
010101000100
010101000100
011001010100
011101000100
111110111100
101101100110
101101100110
100101010101
101001100110
111110111011
110010001000
100101010101
100001000100
011000110011
011000110010
011000110010
011101010011
011101010011
011101010011
011101010011
011101010100
011101010011
011101010011
011101010011
011101010011
011101010100
111111101101
100001010100
100001010100
100001100100
010100110010
010100110010
011001000011
011001000011
011101010011
011101100100
011001000010
011101010011
100101110110
100101110101
101010000101
101010000101
100001100011
100001010011
101010000101
100101110101
011101010100
101010000111
000100000000
010101010101
010101000100
010101000101
010101000101
010101000101
011001100110
011001100110
011001100110
011101100110
011001100110
011101100110
010101000100
010101010101
010101000100
010101000101
010101000101
010101000101
010101000100
111010111011
101001100111
101101100111
100101010101
101101100110
111110111010
110010001000
101101110111
100001010101
011000110011
100001010100
011001000010
011101010100
011101010100
011101010011
011101010011
011101010011
011101010011
011101010011
011101100011
011101010011
011101100100
100001100100
100001100100
110010101000
011101010100
011001000010
011001010011
011001000011
011001000011
011001010011
011101010011
011001010011
011001000011
011101010100
100001100100
101010000101
101010000101
100001100011
100001010011
100001100011
101001110101
100001100100
011101010100
101010000110
000100000000
010101000100
010101000101
010101010101
011101100110
011001100110
011101100110
011101100110
010101010101
010101000101
010101000101
010101000101
010101000101
010101000101
010101010101
010101000101
010101000101
010101000101
011001000100
111110111100
101101100111
101001100110
101101100111
101001100110
110110011000
110010011000
100001010100
011101000011
011101000100
011101010100
011101010011
011101010100
011101010011
011101010100
011101010011
011101010100
011101010011
100001100100
011101100100
100001100100
011101010100
011101010100
011001000010
011001000011
101110101000
011001000011
011001000010
011001010011
011001000011
011001000011
011001010011
011001000010
011101100100
011101100100
100101110110
100001100011
100001010011
100001010011
100001100011
101001110101
100001100100
011101100100
100001100100
100110000110
000100000000
011101100110
011001100110
011001100110
011001100110
010101000100
010101010100
010101000100
010101000100
010101000101
010101000100
010101000101
010101000101
010101010101
010001000101
010101000101
010101000101
010101000101
011001000101
110010001001
110110001001
101101100111
101001100110
110010011000
110010011000
100001010100
011101010100
011101010100
100001010101
011101010100
011101010100
100001110101
100001100100
011001000011
011101010100
011001000011
011001010011
011001000011
010100110010
011001000010
011001000011
011001000011
011101010011
011001000011
011001000011
011001000011
011001010011
100001100100
011101010100
011001000011
011001000011
100001100100
011101010100
100001100100
011101010011
100001010011
100001100011
100001010011
101010000110
100001100100
011101010011
100001100011
100110000101
100110000101
000100000000
011101100110
011001100110
010101000100
010101010101
010101000100
010101000100
010101000101
010101000101
010101000101
010101000101
010101000101
010101000101
010101000101
010101010101
010101000101
010101000101
010101000101
011001000101
011000110101
111010111100
110010001001
110010011001
110010011000
100101110110
100101110110
100101100110
011101010100
100001010101
100001100101
100001110101
100001110101
011101010100
100001100100
100001100100
011101010100
011101010100
011001000011
011001000011
011101010100
011101010100
011101100100
011001000011
011001000011
011001000011
011101100100
011101010100
011101100100
011101100100
011101100100
011101100100
011101010100
011101100100
011101010100
100001100100
100001100100
100001010011
101010000101
011101010011
100001010100
100001100100
100101110101
101010000101
101010000101
000100000000
010101000101
010101000101
010101000100
010101010101
010101000101
010101000101
010101010101
010101000101
010101000101
010101000101
010101000101
010101000101
010101010101
010001000101
010101000101
010101000101
010101010101
011001010110
011001010110
011001010110
011101010110
011001000101
110010111010
100101110110
100101110110
100101110110
100101110110
100101110111
100101110110
100110000110
100001100101
100001110101
100001100101
100101110101
100001100101
011101100100
011101100100
011101010100
011101100100
011101100100
011101100100
011101100100
011101010100
011101010100
011101100100
011101100100
011101100100
011101010100
011101100100
011101100100
011101100100
100001100100
011101100100
011101010100
011101100100
101010000110
100001100100
011101010011
100001100011
100001010011
101010000101
101010000101
100101110101
000100000000
010101000101
010101010101
010001000101
010101000101
010101010101
010101000101
010101000101
010101000101
010101000101
010101010101
010101010110
010101010110
010101010110
010101010110
011001010110
010101010110
010101010110
010101010110
011001010111
011001010110
011001010110
011001010101
110010111010
110010111010
100101110110
100101110110
100101110110
100001110110
100001110110
100001100101
100001110101
100001110101
100001100101
100001110101
011101100100
011101010100
011101100100
011101100100
100001100100
011101010011
011101010100
011101100100
011101100100
011101100100
011101010100
011101010100
011101100100
100001100100
011101100100
011101100100
011101010011
011101100100
011101100100
011101100100
011101100100
011101010011
011101010011
100001100100
100001010011
101010000101
101010000101
100101110101
101010000110
000100000000
010101000101
010101000101
010101000101
010101000101
010101000101
010101000101
010101010110
011001010110
011001010110
010101010110
010101010110
011001010110
010101010110
010101010110
010101010110
010101010110
010101010110
010101010110
010101000110
011001010110
011001010110
110010111011
011101010101
110010111010
100101110110
100110000110
100001110110
100001110110
100001110110
100001110101
100001110101
100001100101
100001100101
100001100101
011101100100
011101100100
100001100100
100001100101
100001100101
100001100100
100001100100
011101100100
011101010100
011101100100
100001100100
011101100100
011101010100
011101010100
011101010100
100001110101
100001100100
100001100100
011101100100
011101100100
011101100100
011101100100
100001100100
011101010011
101001110101
101010000101
101010000101
011101010011
011101100100
000100000000
010101000101
010101000101
010101010101
010101010110
010101010110
010101010110
011001010110
010101010110
011001010110
010101000101
010101010110
011001010110
010101010110
010101010110
010101010110
010101010110
010101010110
010101010110
010101010110
011001010110
011001010110
011001000101
110010111010
100101110110
100101110110
101110101001
100010000110
011101100101
100001110110
100001110101
100001100101
100001100101
100001110101
100001110101
100001100101
011101100100
011101100100
011101100100
011101100100
011101100100
011101010100
011101100100
100001100100
011101010100
011101010100
011101010100
100001100100
100001100101
100001100100
011101010011
011101100100
100001100100
011101010011
100001100100
011101100100
011101100100
011101010100
100001100100
101001110101
101010000101
100001010011
100001100100
011101100100
000000000000
010101000101
010101010110
011001010110
011001010110
010101010110
010101010110
010101000101
010101010110
010101010110
010101010110
010101010110
011001010111
010101010110
011001010111
010101010111
010101010110
011001010111
010101010110
010101010110
010101010110
011001010110
011101100110
011101010101
100101110110
100101110110
100001110101
100001110110
100001110101
100110000111
100110000110
100001110110
100001110101
100001110101
100001110101
100001110101
100001100101
011101100100
011101010100
011101010100
011101100100
011101100100
011101100100
011101100100
100001100100
100001110101
100001110101
100001100100
011101100100
011101100100
011101010100
011101010100
011101100100
100001100100
100001100100
011101010011
011101100100
011101010100
100110000110
100001100100
011101010011
100001100011
011101010011
100101110110
000100000000
011001010110
010101010110
010101010110
010101010110
010101010110
010101010110
010101010110
011001010110
011001010111
011001010110
010101010110
010101010110
010101010110
011001010111
010101010110
011001010111
010101010110
011001010111
010101010111
010101010110
011001010111
111111101111
011101010101
110110111010
110110111001
100101110110
100110000110
100110000111
100010000111
100001110110
100001110101
100001100101
100001110101
100001100101
100001110101
100001110101
100001110101
100001110101
100001110101
100001110101
100001110101
100001110101
100001100100
100001100100
011101010100
011101010100
011101100100
100001100100
011101100100
100001100100
100001100100
100001100101
011101100100
011101100100
011101100100
011101100100
011101100100
100001100100
100001100100
100001010011
100001100100
100101110101
100001110110
000000000000
010101010110
010101000101
011001010110
011001010110
010101010110
010101010110
010101010110
010101010110
010101010110
010101010110
010101000110
010101010110
010101010110
011001010111
010101010111
011001100111
011001010111
010101010110
011001100111
011001101000
011001100111
011001010110
111111101110
110110111010
101001110110
110010101000
100101110110
100001110110
100001110110
011101100101
100001110110
100001110110
100001110110
100001110101
100001110101
100001100101
100001100101
100001110101
100001100101
100001100101
100001100101
100001100100
011101100100
011101010100
011101100100
100001100100
011101010100
011101010100
011101100100
100001100100
011101010100
011101010100
011101100100
011101100100
011101100100
011101100100
100001100101
011101010100
011101010100
100001100100
011101010011
100101110101
110010111010
000000000000
011001010110
010101010110
010101010110
010101010110
011001010110
010101010110
010101000101
010101000110
010101000110
011001010111
010101010110
010101010110
011001010111
011001010111
010101010111
011001010111
010101010110
011001101000
011001101000
011001101000
011001100111
011101100111
011101010101
110110101010
110110101010
110110111010
101110011000
100110000110
100110000111
011101100101
100001110101
100101110110
100110000110
100001110101
100001100101
011101100101
011101010100
011101100100
011101100100
011101100100
011101100100
011101100100
011101100100
011101100100
011101010100
011101100100
011101100100
100001100100
011101100100
011101100100
100001100100
011101100100
011101010100
011101100100
011101010100
100001100101
100001110101
100001100100
100001010100
011101010011
100101110101
100110000110
110010111010
000000000000
010101010110
010101010110
010101010110
010101010110
010101000110
010101000101
010101000110
010101010110
010101010110
011001010110
011001010111
011001100111
011001100111
011001010111
010101010110
011001010111
011001100111
011001101000
011001101000
011001101000
011001100111
011101010111
110010101011
111111101110
100101110111
101110101001
100110000111
100001110110
100001110110
100010000110
100110000111
100101110110
100110000110
100001110110
100001110110
100001110101
100001110101
100001100101
011101100100
011101100100
011101100100
011101100100
011101010100
011101100100
100001100100
100001100100
011101010100
011101100100
011101100100
011101100100
100001100100
011101010100
011101010100
100001110101
100001100101
011101100100
100001100101
011101100100
100001010100
100101110101
100101110101
110010111001
100001110110
000000000000
010101010110
010101010110
010101000101
010101000101
010101000101
010101000101
010101010110
011001010110
010101010110
011001010111
011001100111
011001100111
011001010111
011001010111
011001100111
011001101000
011001101000
011001101000
011001101000
011001100111
011001010111
011101100111
011101010110
110110111011
110010101010
100101110110
100110000110
100010000110
100010000110
100001110110
100101110110
100101110110
100001110110
100110000111
100001110110
100001100101
100001110101
100001110101
100001110101
100001100101
100001110101
100001100101
011101100100
011101100100
011101100100
011101100100
011101010100
011101100100
011101010100
011101100100
011101010100
011101100100
100001100101
100001110101
100001110101
100001100101
011101100100
011101010100
101001110110
100101110101
110110111001
110010111001
100101110111
000000000000
010001000101
010001000101
010101000101
010101010110
010101010110
010101010110
010101010110
011001010110
011001100111
011001100111
011101101000
011001010111
010101010111
011001010111
011101101000
011001100111
011101101000
011001010111
011001101000
011001101000
011101101000
011001010111
111111101111
011101010101
110110111011
110010111010
101110011000
100110000110
100001110110
110010111010
100001110110
100110000111
100110000111
100001110110
100101110110
100110000111
100001110101
100001100101
100001110101
100001100101
100001100101
011101100100
011101100100
011101010100
011101010100
011101100100
011101100100
011101100100
011101100100
011101100100
100001100101
011101100100
011101100100
100001110101
011101010100
100001100100
100001100100
100101110110
100101110101
100101110101
110110111001
100101110110
100101110110
000100000000
010101000110
010101010110
010101010110
010101010110
010101010110
011001010110
011001010111
011001100111
011001100111
011001100111
010101010110
011001010111
011001010111
011001101000
011001100111
011001101000
011001101000
011101101000
011001101000
011001101000
011001010111
011101101000
011101010111
110010111011
011101010101
111011001100
101110011000
100101110110
110010111001
100110000110
100101110110
100101110110
100110000110
100110000110
100110000110
100001110110
100001110101
100001100101
100001100101
100001110101
100001110101
100001110101
100001100101
100001110101
100001100101
100001100101
100001100101
011101100100
011101100100
011101010100
011101010100
100001100101
100001110101
011101100100
011101010100
011101100100
100101110110
100101110101
101001110110
110110111001
110110101001
100101110110
100101110110
000100000000
010101010110
010101010110
010101010110
010101010110
010101010110
011001010110
011001100111
011101101000
011001100111
011001010111
010101010111
010101010111
011101101000
011001101000
011001101000
011101101000
011101101000
011001010111
011001101000
011001101000
011001101000
011001100111
011101100111
011101010110
011101100110
110010101010
101110011000
110110111010
100101110110
100101110110
100110000110
100101110110
100001110110
100110000110
100001110110
100110000110
100110000110
100001110101
100001110101
100001100101
100001110101
100001100101
100001110101
100001110101
100001100101
100001100101
100001100101
011101010100
011101100100
100001110101
100001100101
100001100100
011101010100
100001100100
100110000110
100101110101
100101110110
100101110110
110110101001
110110111001
100101110101
100101110110
110010111010
000100000000
010101010111
010101010110
010101010110
010101010111
011001010111
011001100111
011001100111
011001100111
011001100111
010101010111
010101010111
011101101000
011001100111
011001101000
011001101000
011001101000
011101101000
011001010111
011001101000
011001101000
011001101000
011001101000
011001100111
011101100111
100101111000
100001110110
110010101010
110010111001
100101110110
100110000110
100001110110
100110000110
110010111010
100110000110
100110000110
100001110110
100001110110
100110000110
100001100101
100001110101
100001100101
100001100101
100001100101
100001100101
100001100101
100001110101
100001110101
100001100101
100001110101
100001100101
100001100101
100001100100
011101010100
100001110101
100101110101
100101110110
100101110110
110110101001
110110101001
110110101001
101001110101
110110101001
110010101001
000100000000
010101010111
010101010110
010101010110
010101010111
011001100111
011001101000
011001101000
011001101000
011001010111
010101010111
011001101000
011001101000
011001101000
011001101000
011101101000
011001101000
011001101000
011101101000
011001010111
011001101000
011101101000
011001101000
011001010111
011101100111
011101010110
100101110111
100110000111
100110000110
100101110110
100101110110
110110111010
110010111010
100110000110
100110000110
100001110110
100110000110
100101110110
100110000110
100110000110
100001110101
100001110101
100001110101
100001110101
100001100101
100001100101
100001100101
100001100101
100001110101
011101100100
100001100101
011101010100
100001100100
100101110101
100101110110
100101110110
100101110101
110010101001
110110111001
110110101001
101001110101
100101110101
110110101001
110110111010
000100000000
010101010111
010101010111
011001010111
011001100111
011001101000
011001101000
011001010111
011001010111
010101010111
011001101000
011001101000
011001101000
011001101000
011001101000
011001101000
011001101000
011001101000
011001101000
011001101000
011001101000
011001101000
011001011000
011101101000
011101100111
011101100110
100110000111
100101110110
101110011000
110110111010
100101110110
100101110110
100101110110
100101110110
100001110110
110010111010
110010111010
100110000110
100101110110
100101110110
100101110110
100001100101
100001110101
100001100101
100001100101
100001110101
100001100101
100001100101
100001110101
100001110101
100001100101
100101110110
100101110110
100101110110
100101110101
100101110101
110110111001
110110101001
110110111001
100101110101
100101110101
111010111001
110110111001
110010101001
000100000000
