010001111001
010001111001
010001111001
010001111001
010001111001
010001111001
010001111001
010001111001
010001111001
010001111001
010001111001
010001111001
010001111001
010001111001
010001111001
010001111001
001101111001
010001111001
001101111001
010001111001
010001111001
010001111001
010001111001
010001101001
010001111000
010001111000
010001111001
010001111001
001101111000
010001111000
010001111001
001101101001
010001111001
010001111001
010001111001
010001111001
010001111001
010001111001
010001111001
010001111000
010001111000
010001111000
010001111001
010001111001
010001111001
001101111001
001101111001
001101111001
010001111000
010001111000
010001111001
010001111001
010001111001
010001111001
010001111000
010001111000
010001111000
010001111000
010001111001
010001111001
010001111001
010001111001
010001111001
010001111000
010001111001
010001111001
010001111001
010001111001
010001111001
010001111001
010001111001
010001111001
010001111001
010001111001
010001111001
010001111001
010001111001
010001111001
010001111001
010001111001
010001111001
001101111001
010001111001
010001111000
010001111001
001101101000
010001101001
010001111001
010001111000
001101111000
010001111001
010001111001
010001111001
001101111000
001101101000
010001111001
010001111001
010001111001
010001111001
010001111001
010001111001
010001111001
010001111001
010001111001
010001111000
010001111000
010001111001
010001111001
010001111001
001101111001
001101111001
001101111001
010001111001
010001111001
010001111001
010001111001
010001111001
010001111001
010001111000
010001111000
010001111000
010001111001
010001111001
010001111001
010001111001
010001111001
010001111001
010001111000
010001111001
010001111001
010001111001
010001111001
010001111001
010001111001
010001111001
010001111001
010001111001
010001111001
010001111001
010001111001
010001111001
010001111001
010001111001
010001111001
010001111001
001101101000
010001111000
010001111000
010001101000
010001111001
010001101001
001101101001
010001111001
010001111001
010001111001
001101101000
010001111001
010001111001
001101111000
010001111001
010001111001
010001111001
010001111000
010001111000
010001111000
010001111001
010001111001
010001111001
010001111001
010001111001
010001111001
010001111001
010001111001
001101111000
001101111000
001101111001
010001111001
010001111001
010001111001
010001111001
010001111001
010001111001
010001111001
010001111001
010001111001
010001111001
010001111001
010001111001
010001111001
010001111001
010001111001
010001111001
010001111001
010001111001
010001111001
010001111001
010001111001
010001111001
010001111001
010001111001
010001111001
010001111001
010001111001
010001111001
010001111001
010001111001
010001111001
010001111001
010001101001
010001111001
010001101000
010001111000
010001111000
010001111000
010001101000
010001111001
010001111001
010001111001
010001111001
010001111001
010001111001
010001111001
001101111000
001101111000
010001111001
010001111000
010001111000
010001111000
001101111000
001101111001
010001111001
010001111001
010001111001
010001111001
010001111001
010001111001
010001111001
010001111000
001101111000
001101111001
010001111001
010001111001
010001111001
010001111001
010001111001
010001111001
010001111001
010001111001
010001111001
010001111001
010001111001
010001111001
010001111001
010001111001
010001111001
010001111001
010001111001
010001111001
010001111001
010001111001
010001111001
010001111001
010001111001
010001111001
010001111001
010001111001
010001111001
010001111001
010001111001
010001111001
010001111001
010001111001
010001101000
010001111001
001101101001
010001111001
010001110111
010001110111
001101110111
001101111000
010001111001
001101111000
001101111000
010001111001
010001111001
001101101000
010001111001
010001111000
010001111000
010001111000
010001111001
001101111001
001101111001
001101111001
010001111001
010001111001
010001111001
010001111001
010001111000
010001111000
010001111001
010001111001
001101111001
001101111001
010001111000
010001111000
010001111001
010001111001
010001111001
010001111001
010001111001
010001111001
010001111001
010001111000
010001111000
010001111000
010001111000
010001111000
010001111000
010001111000
010001111001
010001111001
010001111001
010001111001
010001111001
010001111001
010001111001
010001111001
010001111001
010001111001
010001111001
010001111001
010001111001
010001111001
010001111001
010001111001
010001111001
010001111000
010001111001
001101100111
100111011100
010001110110
010001110111
010001111000
010001111000
010001111000
010001111000
010001111000
001101101001
010001111001
010001111000
001101101000
010001111000
010001111000
010001111001
001101111001
001101111001
001101111001
010001111001
010001111001
010001111001
010001111001
010001111000
010001111000
010001111001
010001111001
010001111001
010001111001
010001111001
010001111001
010001111001
010001111001
010001111001
010001111001
010001111001
010001111001
010001111000
010001111000
010001111000
010001111000
010001111000
010001111000
010001111000
010001111000
010001111001
010001111001
010001111001
010001111001
010001111001
010001111001
010001111001
010001111001
010001111001
010001111001
010001111001
010001111001
010001111001
010001111001
010001111001
010001111001
010001111001
010001101000
010001111000
100111011100
001101110100
100111011010
010001110111
010001111000
010001111000
010001111001
010001111001
001101101000
010001111001
010001111000
001101100111
010001111000
010001111000
010001111001
010001111001
010001111001
010001111001
010001111001
010001111001
010001111001
010001111001
010001111001
010001111000
010001111000
010001111000
010001111001
010001111001
010001111001
010001111001
010001111001
010001111001
010001111001
010001111000
010001111000
010001111000
010001111000
010001111000
010001111000
010001111000
010001111001
010001111001
010001111001
010001111001
010001111001
010001111001
010001111001
010001111001
010001111001
010001111001
010001111001
010001111001
010001111001
010001111001
010001111001
010001111001
010001111001
010001111001
010001111001
010001111001
010001111001
010001101000
010001111000
010001110111
010001110110
100111011010
010001110101
001101110111
010001111000
010001111001
001101101000
010001111001
010001111001
010001111001
001101111000
010001111000
100111001100
010001111000
010001111001
010001111001
010001111001
010001111001
010001111001
010001111001
010001111000
010001111001
010001111000
010001110111
010001110111
010001111000
010001111001
010001111001
010001111001
010001111001
010001111001
010001111001
010001111000
010001111000
010001111000
010001111000
010001111001
010001111001
010001111001
010001111000
010001111001
010001111001
010001111001
010001111001
010001101001
010001111001
010001111001
010001111001
010001111001
010001111001
001101101000
010001111001
001101101000
010001111001
010001111001
010001111001
010001111001
010001111001
010001111001
010001111001
010001111001
010001111001
010001101000
010001111001
010001111000
010001110111
010001110111
001101111000
010001111001
010001111001
001101101001
010001111001
001101111001
001101101001
010001111001
001101111000
010001111000
010001111001
010001101001
010001111001
010001111001
001101101001
010001111001
010001111001
010001111001
010001111000
010001110111
010001110110
010001110101
010001111000
010001101001
010001101001
010001111001
010001101001
010001111001
010001111000
001101111000
010001111000
010001111001
001101101000
010001111001
010001111001
001101111000
001101111000
010001111000
010001111000
010001111001
010001111001
010001101001
010001111001
010001111001
010001111001
010001111001
010001111001
010001111001
001101101000
010001111001
010001111001
010001111001
010001111001
010001111001
010001111001
010001111001
010001111001
010001111001
010001101001
010001111001
001101101001
010001111001
010001111000
001101101000
010001111001
001101101000
001101101001
010001111001
010001111001
001101101000
010001111001
010001111001
001101101000
010001111001
010001111000
010001111001
010001111001
010001111000
010001111001
010001111001
010001111001
010001101000
010001111000
010001110110
100111001011
100111001011
010001100110
010001111000
010001111001
010001111001
010001111000
010001111000
001101101000
010001111000
001101101000
010001111001
010001111001
010001111001
001101111001
001101111001
010001111001
010001111001
010001111001
001101101000
010001101000
010001111001
010001111001
010001111001
010001111001
001101101000
001101111000
001101111000
010001111001
001101111000
010001111000
010001111000
010001111001
010001111001
010001111001
010001111001
010001111001
010001111001
010001111001
010001101001
010001111001
010001101001
010001111001
010001111000
001101101000
010001111001
001101101001
010001111001
010001111001
010001111000
010001111000
010001111000
010001111001
010001111001
010001111000
010001111000
001101101000
010001111001
010001101000
001101101000
010001111000
010001111000
010001110101
101011011011
010001110111
010001110111
101011011011
010001110110
010001111000
010001111001
100111001100
010001110111
010001111000
010001111000
010001111001
010001111001
010001111001
001101101001
010001111001
010001111001
010001111001
001101101001
010001111001
010001111001
010001101000
010001111000
010001111001
010001111001
001101101000
010001111001
010001111001
010001111001
010001111000
010001111000
010001111000
010001111000
010001111001
010001111001
010001111001
010001111001
010001111001
010001111000
010001111000
010001111000
010001111000
010001101000
010001101000
010001101000
010001111001
010001111001
010001111001
001101101000
001101101000
010001111000
010001111000
010001111000
010001111001
010001111001
010001111000
010001111001
010001111000
010001111000
010001111000
010001111000
010001111000
010001110111
010001110110
101011011011
010001100111
010001110111
100111001010
010001110101
010001111000
010001101000
010001110111
010001110111
010001111000
010001111001
010001111001
001101101001
010001101001
010001111001
010001111001
001101101000
010001111001
010001111010
001101101001
001101101001
010001111000
010001111000
010001111001
010001111001
010001111001
001101101000
010001111001
001101101000
100111001110
010001111001
010001111000
010001111000
010001111001
010001111001
010001111001
010001111001
010001111001
010001111000
010001110110
100111001011
010001110110
010001110111
010001111000
010001111000
001101101001
010001111001
010001110111
001101110111
010001111000
001101111000
001101101000
010001111001
010001101000
010001111001
010001111001
001101101000
010001111000
100111001100
010001111000
010001111000
010001111000
010001111000
010001111000
001101100110
101011011011
100111001011
010001110110
010001110111
010001111000
010001111001
010001111001
010001101000
010001111001
010001101001
010001101001
010001111001
010001111001
001101111000
010001111001
010001111001
010001111001
001101101001
010001111001
010001111001
010001111000
010001111000
010001111001
010001111001
001101111001
010001111001
010001111001
001101111000
010001111001
001101101000
010001111000
010001111000
010001111001
010001111001
010001111001
010001111001
010001111001
010001111000
100111001010
010001110101
100111001011
010001110111
001101101000
010001111000
010001101001
010001111000
100111001100
010001110111
001101101000
010001111001
001101111001
001101111001
010001111000
010001111000
010001111001
010001111001
001101110111
010001111000
010001111000
001101111000
010001111000
010001101000
010001101001
010001111000
010001110110
010001110110
010001110111
001101101000
010001111000
010001111000
010001100111
010001111000
010001101000
010001101001
010001111001
010001101001
010001111001
010001111000
001101111000
010001111000
010001111001
001101101000
010001111001
010001111001
001101101000
010001111001
001101111001
010001111001
010001111001
001101101000
010001111001
010001111001
001101101000
010001111001
010001111000
010001111000
010001111000
010001111001
010001111001
010001111001
010001111001
010001111000
010001110110
100111001011
010001110111
010001111000
010001111001
010001111000
010001111001
010001111000
010001111000
010001111000
010001111000
001101101000
010001111001
010001111001
001101101000
010001111001
001101101000
010001111001
010001111000
001101101000
010001111001
010001111000
010001111001
010001111001
010001111001
010001101001
010001111000
010001110111
010001111000
010001111001
010001111001
010001110111
010010000100
100111001000
010001110110
010001110111
010001101001
010001111001
010001111000
010001111000
100111001100
010001111000
001101100111
010001111001
010001111001
010001111001
010001111001
010001101001
010001111001
010001111001
010001111001
010001101000
010001111000
010001111000
010001111000
010001111000
010001111000
010001111001
010001111001
010001111001
010001111001
010001111001
010001111001
010001111000
010001110111
010001110111
010001111000
010001101001
010001101001
010001111001
010001111001
010001111000
010001110111
010001110111
010001110111
010001110111
010001110111
010001110110
010001110110
010001110110
010001110110
010001110110
010001110110
010001110110
010001110111
010001110111
010001110111
010001111000
010001101001
010001111001
010001101000
010001111000
010001111000
001101111000
010001111001
010001110111
100111011001
100111011000
100111001011
010001110111
010001111000
010001111001
010001111000
010001111000
010001110111
001101110110
010001111000
001101111000
001101111001
010001111001
001101101001
010001111001
010001111010
010001101001
010001111000
010001111000
010001111000
001101111000
010001111000
010001111000
010001111001
001101111000
010001111001
010001111001
010001101001
010001111001
010001111001
010001111000
001101111000
001101110111
001101111000
010001111001
010001111001
001101101001
010001111001
010001110111
010001110101
010101110100
010001110101
010001110100
101011011000
101011010110
101011000110
101111010110
101011010110
101011010110
101011010110
101011011000
010001110100
010001110101
010001110101
010001110110
010001111000
001101101001
001101101000
010001111000
001101101000
001101111000
010001111001
001101111000
010001110110
100111001011
010001110111
010001111000
001101101001
001101111001
010001111001
010001111000
010001111000
010001111000
010001111001
001101111001
010001111001
010001111001
010001111001
010001111001
001101101001
010001111010
010001111000
010001111000
010001111001
010001111001
010001111001
001101111000
001101111000
010001111001
010001111001
010001111001
010001111001
010001111001
010001111001
001101101000
001101111000
001101111000
001101111000
001101111000
010001111000
010001111000
010001110111
010001110110
101011001000
101011000111
101011001000
101011000111
101111010110
110011010101
110110110100
110110110101
110111000100
110110110101
110111000101
110111000110
110011001000
101111001001
101111001000
101111001001
010101110110
010001110111
010001110111
010001110111
010001111000
010001111001
010001111001
001101111000
001101110111
010001110111
010001111000
010001111001
010001111001
001101111001
001101111001
001101111000
010001111000
010001111000
010001111001
001101111001
010001111001
010001111001
010001111001
010001111001
010001111010
001101101001
010001111001
001101111000
001101111001
001101101001
010001111001
010001111001
010001101000
010001111001
001101101000
010001111001
001101111000
001101101000
001101111001
010001111001
010001101001
010001111001
010001101001
010001111000
010001110110
010001110100
010001110011
101011001000
101111000110
101111000110
101111000110
110011000110
111011101000
111111011001
110001000001
110100110010
110100110010
110100110010
110100110001
110001000010
111110100111
111010110111
111010100110
110110110111
101111001000
010101110011
010101110100
010001110101
001101100111
010001111001
001101101000
010001111001
001101101000
010001111001
010001101000
010001101001
010001111001
001101111000
001101111000
010001111000
010001111000
010001111001
010001111001
010001111001
010001111001
010001111000
010001111001
010001111001
001101101001
010001111001
001101111000
010001111000
010001111000
010001111000
010001111001
010001101000
010001101000
010001111001
010001111000
010001111000
010001111000
001101111000
010001111001
010001101001
010001101001
010001101000
010001110111
010101110110
101111001001
101111001000
101111000111
101111000110
111111111000
111011100111
111111101000
111111101000
111111101001
111111011001
111000110010
111100100011
111100100011
111100100011
111100100011
111000100010
110101000001
101101000001
110001000001
101101010001
111010110111
110010110111
110010110111
101111001001
010001110110
010001111000
010001111001
001101101001
010001111001
010001101001
010001101001
010001111001
001101101000
010001111000
001101111000
001101111000
001101111001
001101111001
010001111001
010001111001
010001111001
001101111000
010001111000
010001111000
010001111000
001101111000
001101111000
010001111000
010001110111
010001110111
010001110111
010001111000
010001111001
001101101000
010001111000
100111001100
010001111000
010001111000
010001111001
010001111001
010001101001
010001110111
010001110100
110011011000
110110110111
111010110110
110110110110
111111101000
111111101001
111111101001
111111101001
111111101000
111111101000
111111011001
110100110010
111100100010
111100100011
111100100011
111100010011
111100100011
111100100010
111000110010
111000110001
110100110010
101101000001
111110100111
111110100111
110110110111
101111001000
010001110100
010001110111
010001111001
001101111001
001101101001
010001111001
010001101001
010001111001
001101111001
010001111001
010001111001
001101111001
001101111001
010001111001
010001111000
010001111001
010001111001
010001111000
010001111000
001101111000
001101111000
010001111000
010001111000
010001110110
100111001011
010001110110
100111001100
010001111000
010001111001
010001110111
010001111000
010001111000
010001101000
010001111001
010001101000
010001110111
010101110101
110011001000
110110110110
101001000001
101101010001
101001010001
111111011001
111111011001
111111011000
111111011000
111111101000
111110110101
111110100101
110101000001
111100100010
111100100010
111100010011
111100100011
111100100011
111100100010
111100100010
111100110011
111000110010
110100110010
110001000010
110001000010
101101010010
110110110110
110011001000
010101110110
010001110111
010001111000
001101111001
001101101001
010001111001
010001111001
001101111001
010001101000
010001101000
001101111001
001101111001
010001111000
010001111000
010001111001
010001111001
010001111000
010001111000
010001111001
010001111000
010001111001
010001111000
010001110111
010001110110
100111001010
010001110101
001101110111
001101111001
010001111001
001101101000
010001111001
010001111001
010001111001
010001111000
010001110101
101111001000
111110100111
110001000010
110100110010
110100110010
110101000011
111111001010
111111011001
111111101000
111010110100
111110110100
111010100011
111110100100
111110010101
110101000001
111000100010
111100100011
111100100011
111000100010
111100100011
111000100010
110000100011
110000110011
110000110011
110100110011
110100110010
110100110010
101101000001
111010110111
101111001000
010001110101
001101110111
001101111000
010001111001
001101111001
001101101001
010001111001
010001110111
100111001100
010001111000
001101111001
010001111001
010001111001
010001111001
010001101001
010001111001
010001111000
010001111001
010001111001
010001111001
010001111000
010001100111
101011001100
010001110101
100111001011
010001111000
001101111001
001101111001
001101111001
010001111001
010001111000
010001110111
010101110110
101111001000
111010110111
110001000010
111000110011
111000100011
111000110011
110100100011
110001000011
111111011000
111010110100
111110110100
111110100011
111110110100
111110100100
111110100100
111110010101
110100110001
111000110010
110100110010
110100100010
110100100010
110100100010
110000110011
110000110011
110000100011
110100100011
111000110011
111000110010
110001000001
111111011001
110110110110
101111001000
010001110101
001101110111
010001111000
010001101001
010001111001
010001101000
010001100111
010001110111
010001111000
010001111001
010001111001
010001111001
010001101001
010001101001
010001111001
010001111001
010001111001
010001111001
001101111000
010001111000
010001111000
010001100111
010001110111
010001111000
010001111000
010001111001
001101111001
001101111001
001101111001
010001110111
010001110100
110011001000
111110100111
110001000010
110100110010
111000100011
111000110011
110100100010
110100110011
110000110010
111110100101
111110100100
111110100011
111110100011
111110110011
111110110100
111110100011
111110100100
111110100101
111110010101
110000110001
110000110010
110000110010
110000100010
110000100011
110000110011
110100100011
110100100010
110100110001
110001000001
111111001000
111111001000
111111011001
111010110111
101111001000
010001110100
010001110111
010001101001
010001111001
010001111000
010001111001
001101111000
010001111000
010001111000
010001111001
010001111001
010001111001
010001111001
010001111001
010001111001
001101101001
010001111001
010001111001
001101111000
010001111000
010001111000
010001111001
010001101001
010001111000
010001111000
001101111001
001101111001
001101110111
010001110101
101111001000
111010110110
110001000010
111000110010
111000100010
111000100011
110100100011
110100100011
110000110011
110000110001
111110010100
111110100100
111110100011
111110110011
111110100011
111110100011
111110100011
111110110100
111110100011
111110100100
111110100110
101100110001
101100110001
110000110010
110000110010
110000110010
110000110010
110000110001
111110010111
111110010110
111110100110
110001010010
110001000010
101101010010
110110110110
110011001000
010101100101
010001110111
010001111000
010001101000
010001111001
001101111001
010001111001
010001111001
010001111001
010001111001
010001111001
001101111001
001101111001
001101111001
010001111010
001101111001
001101111001
001101111000
010001111000
010001111001
001101101001
010001111001
010001101000
010001111000
001101111000
010001110111
010001110100
101111001000
111010100111
110001000010
110100110010
111000110010
110100100011
110100100011
110100100011
110000100010
110000110010
110001000001
111110100100
111110100011
111110110011
111110100011
111110100100
111110100100
111110110100
111110100011
111110110011
111110100011
111110100100
111110100100
111110100101
111110100101
111110010101
111110100101
111110100101
111110100101
111110010110
110000110010
101100110010
110000110010
110100110011
110100110010
101101000010
110110100111
110011001001
010101110101
010001110111
010001111001
001101111000
001101111000
001101111001
010001111001
010001111001
010001111001
001101111000
001101111001
001101111001
001101111001
001101101001
001101111001
010001111001
001101111001
010001111001
001101101000
010001111001
010001101001
010001111001
010001111000
010001111000
010001110110
101011000111
110010110110
110001000010
110100110010
111000110010
110100100010
110100100011
110000100011
110000100011
110000110010
110001000001
111110010101
111110100100
111110110011
111110110011
111110100011
111110100100
111110100100
111110100100
111110100011
111110100100
111110100100
111110100100
111110100100
111110100011
111110100100
111110100011
111110100100
111110100100
111110100101
101101000010
110000110010
110000110011
110100100011
110100100010
111000110011
110100110010
101101000010
110110110111
101111001000
010001100110
010001111000
001101111000
010001111001
001101111001
010001111001
010001111001
010001111001
001101111000
001101111000
001101111001
001101111001
010001111001
001101111001
001101111001
010001111001
010001111001
010001111001
001101101001
010001111001
010001111001
010001101000
010001110111
010101110101
101111000111
111010110110
110100110010
111100110011
110100100010
110100100011
110000100011
110000110011
110000110011
101100110001
111110100101
111110100100
111110100011
111110100011
111110100011
111110100011
111110100100
111110100101
111110100101
111110100101
111110100101
111110100101
111110100100
111110100011
111110110011
111110110011
111110110100
111110100100
111110100101
101100110000
110000110010
110000110011
110000100011
110100100011
110100100011
110100100010
111000110010
110001000001
111110110110
110011000111
010101110101
010001110111
010001111001
001101101001
010001111001
010001111001
001101111000
001101111000
001101111000
001101111000
001101111001
010001111001
010001101000
010001111000
001101111001
001101101001
010001111001
010001111000
010001111001
001101111001
010001101000
010001111000
010101110110
101011001001
110011000110
100101010000
110100110010
111000100010
110000100010
110000110010
110000110010
101100110010
101100110001
111110100110
111110100100
111110100011
111110110011
111110100011
111110100100
111110100100
111110100101
101100110000
101100110000
110000110000
101100110001
101101000001
111110010101
111110100100
111110100011
111110100010
111110100011
111110100100
111110010101
101100110001
110000110011
110000110100
110000100011
110000100011
110000110011
110000100011
111000100010
110100110010
101001000000
110110110111
101111001001
010001110110
010001111000
010001111001
010001111001
010001111001
001101111000
001101111000
001101111000
010001111001
010001111001
010001111001
010101111001
010001101000
010001111001
010001111001
010001110111
100111001101
010001111000
001101111001
010001111001
010001110111
010001110100
101111000111
110011000110
111111101001
101101000001
110000110001
110001000001
101100110001
101101000000
111110100101
111110100100
111110100100
111110100011
111110110011
111110100011
111110110100
111110100100
111110100101
101100110001
110000110010
110000110011
110000110010
110000110010
110000110010
110000110010
101100110001
111110100101
111110100100
111110100011
111110100100
111110100101
101100110001
101100110010
101100100011
110100110011
110100110011
110000110011
110000110011
110100100010
111000110011
110101000010
111110100111
110011000111
010001110011
010001110111
010001111001
010001111001
010001111001
010001111000
010001111000
010001111000
010001111001
010001101001
010001101001
010001101000
010001101000
010001111001
001101111000
001101110111
010001111000
001101111000
001101111001
010001111000
010001110110
101011011000
101111000110
111111101001
111111011000
111110100110
111110010110
111110010110
111110100110
111110010101
111110100100
111110100100
111110100011
111110100011
111110110011
111110100011
111110100100
111110100101
101100110001
110000110011
110000100011
110000100011
110000100011
110000110011
110000110011
110000100011
110000100010
101101000001
111110100101
111110100011
111110100100
111110010101
101101000001
110000110010
110000110011
110000100011
110000100011
110000110011
110000110011
110100110011
110100100011
110100110011
101101010010
110010110110
101011011000
010001110110
001101111000
010001111001
010001101001
010001111000
010001111000
010001111000
010001111001
010001101001
010001101001
010001111001
010001111001
010001111001
010001111001
010001111001
010001111000
001101111001
001101111001
010001111000
010001110110
101011010111
101111000100
111111101000
111110100101
111110010110
111110010111
111110010110
111110010110
111110100110
111110100101
111110100100
111110100011
111110100011
111110110011
111110110011
111110100100
101100110001
110000110011
110000100011
110000100011
110000100011
110000100011
110000110011
110000110011
110000100011
110000110011
101100110010
101101000001
111110100100
111110100100
111110010101
110001000001
110000110010
110000110011
110100110011
110000100011
110000110011
110000110011
110000110011
110000100011
110100100011
101101000010
110011000101
101011010110
010001110111
001101101001
010001101001
010001111001
001101101000
001101111000
010001111000
010001111001
010001101001
010001111001
010001111001
010001111001
010001111001
010001111001
010001111001
010001111001
001101111001
001101111001
010001111001
010001110110
101011000110
110011010101
111010110101
101001000000
101101000010
101100110001
101101000001
101101000001
101100110001
101100110000
111110010101
111110100100
111110100011
111110110011
111110100011
111110100101
101100110010
110000110011
110000100011
110100100011
110000110011
110000100011
110000110011
110000100011
110000100011
110000110011
110000110011
101100110010
111110100110
111110100101
111110100101
101101000000
110000110010
110000110011
110000100011
110000110011
110000110011
110000110011
110000110011
110000100011
110100100011
101100110010
110111000101
101011010110
010001110110
010001111001
010001111001
010001101001
010001111001
010001111001
010001111000
010001111000
010001111001
010001111001
001101111001
001101111001
010001111001
010001111001
010001111000
010001111000
001101111001
001101111001
010001111001
010001100110
101111000111
110111000101
100000100000
101100110010
101100110010
110000110011
110000110010
101100110010
110000110010
110001000010
101000110001
111110100110
111110100100
111110100011
111110100100
111110010101
110000110011
110000110100
110000100100
110000100011
110000110011
110000110011
110000100010
110100110011
110100110011
110000100011
110000110011
101100110010
101100110001
111110010101
111110100100
111110010101
101100110010
110000110011
110000100011
110000100011
110000110100
110000110011
110000110011
110000100011
110000100011
100100100000
110111000101
101011000110
010001110110
001101111000
010001101000
010001111001
001101111000
001101111000
001101101000
010001111000
010001111001
010001111001
001101111001
001101111001
001101111001
010001111001
010001111000
010001111000
010001111001
001101111001
010001111001
010001110111
101111000111
110111000110
100000100000
101100110011
110000110011
110000100011
110100110011
110000110011
110000110011
101100100010
101100110011
101101000001
111110100101
111110100100
111110100100
101101000000
101100110010
110000110011
110000100011
110000100011
110000110011
110000110011
110000110011
110000100010
110000100011
110000100011
110000110011
110000110010
101101000001
111110100101
111110100100
111110100100
101101000001
110000110011
110000110100
110000110011
110000100011
110000100010
110000110011
110000110011
101100100010
100000100000
110011000101
101011010110
010001110110
010001111000
010001111000
010001111000
010001111000
010001111001
010001111001
001101101000
010001111001
010001111001
001101111001
001101111001
001101111001
001101111001
010001111000
010001111001
010001111001
010001111001
001101101000
010001110110
101111000111
110111000110
011100100000
101100110011
110000110010
110000110011
110000100011
110100110100
110000100011
110000110011
110000110011
101100110010
111110100101
111110100100
111110100100
101001000000
110001000010
101100110011
110000110011
110000110011
110000100011
110000100011
110000100011
110000110011
110000100011
110000110011
110000100011
101100110010
111110010101
111110100100
111110100011
111110100100
111110010101
110000110001
110000100010
110000100011
110000110010
110000110010
110000110010
110000110010
110001000011
110001110100
110011000101
101011010111
010010000111
001101101000
010001110111
100111001100
001101110111
001101111000
001101101000
010001111001
010001111001
010001111000
001101111001
001101111001
001101111001
001101111001
010001111001
010001111001
010001111001
010001111001
010001111001
010001110110
101011011000
101111000110
011100110000
100000100000
101100110010
110000110011
110000110011
110000100011
110100100011
110000100011
110000100011
110000110010
101101000000
111110100100
111110100100
111110100101
101100110001
110000110010
110000110010
110000110011
110000100011
110000100011
110000110011
110000100011
110100110100
110000110011
110000110011
101100110001
111110100100
111110100011
111110110011
111110100100
111110100101
111110010101
110000110001
110000110010
110000110001
110000110001
110000110010
101100110010
110001100011
101110000100
101111000111
101011001000
010001110111
010001111000
001101110111
010001111000
001101111000
001101111001
010001111001
001101111001
010001111000
010001111000
010001111000
010001111000
001101111001
010001111001
010001111001
010001111001
010001111000
010001111000
010001111000
010001110111
010001110101
101011001001
110011000111
011000110000
100000100001
101100110011
110000110011
110000110011
110000100011
110000100011
110000110100
101100110010
110001000000
111110100100
111110100100
111110100101
101100110001
110000110010
110000100010
110000110011
110100110011
110100100011
110000110011
110000110011
110000100011
110000110011
101100110001
111110010101
111110110100
111110110011
111110110011
111110100011
111110100100
111110100100
111110100100
111110100101
111110010100
111110100101
111110010110
110101110011
101101110010
110110110110
101111001001
010001110110
010001110111
010001111001
010001111000
001101101000
010001111001
010001111001
001101101001
010001111001
010001111001
010001111000
010001111000
010001111001
010001111001
010001111001
010001111001
010001111000
010001111000
010001111000
010001111000
010001111000
010001110111
010101110110
101111001000
110010110111
011100110001
100000100001
100100100001
101100110011
110000110011
110000110011
101100110011
101100110010
111110010101
111110100100
111110100100
111110100100
111110010110
101100110001
110000110010
110000110011
110000100011
110000100011
110000110011
110000110011
110000110011
101100110010
111110100101
111110100100
111110110011
111110110011
111110100011
111110100100
111110100100
111110100100
111110100100
111110100101
111110100101
111110100101
110001110010
101101110010
110111000101
110011000111
010101110101
010001110111
010001111000
001101111000
010001111001
010001111001
010001101001
010001101001
001101101001
010001111001
010001111001
010001111001
010001101001
010001111001
010001111001
010001111000
010001110111
010001110111
010001110110
010001110111
010001111000
001101111000
001101111000
010001110111
010001110100
101111001000
110110111000
011100110000
011100100001
100000100010
100000100001
101100110011
101100110010
101100110010
111110010101
111110100101
111110100101
111110100101
111110100101
111110100101
101100110001
110000110010
110000100010
110000110011
110000110011
110000110010
101100110001
111110010110
111110100100
111110100011
111110100100
111110100100
111110100101
111110100101
111110100101
110101110010
110001100010
110101110011
110001110100
101101110011
101110000011
110110110110
101111000111
010101110100
010001110111
010001111000
001101101000
010001111001
010001111000
010001111001
010001101001
010001111001
001101111000
010001111000
010001111001
010001111001
010001101001
010001101001
010001111001
010001101000
010001110111
100111001011
101011001011
010001110110
010001110111
001101111000
001101111001
001101111000
010001110110
101011001010
110010110111
101010000100
100001010011
100101000011
100101000010
100000100000
100100100001
110101100100
110101110011
110001110011
110101110011
110001110010
111110100100
111110100101
111110010110
101100110010
101100110010
101100110010
101100110010
101100110010
111110010110
111110100101
111110100100
111110100100
110101110010
110101110011
110001110011
110001110011
110001100010
110001110011
110001110100
101001000010
100101000010
100101010010
101010000011
110011000111
101011001001
010001110110
001101100111
010001111001
001101101000
010001111001
010001101000
010001111000
010001111001
010001111000
001101111000
001101111000
001101111001
010001111001
010001111000
010001111001
010001101001
010001111000
100111001011
010001110100
010001110011
100111001010
010001110111
010001111000
001101111000
001101111000
010001111000
010001110110
101111001000
110011000111
100101110011
101110000101
101110000101
100001010010
100101010011
100101000011
100101000010
100101000010
110001100100
110001110100
110001110100
110001110011
110001100100
110101110101
110001100100
110101110101
110101110101
110001100100
110101110101
110001100100
110101110100
110001110011
110001110100
110001110100
100101000001
100101000001
100101010010
100101010010
100101010010
101101110100
101110000100
101010000011
110011000110
101111001000
010001110110
010001111000
001101111001
010001111001
010001111001
001101111000
010001101000
010001111000
100111001100
001101110111
010001111000
010001111001
001101111001
010001111001
010001111000
001101101000
010001101001
010001111000
010001110110
101011001010
101011011010
010001110101
001101110111
001101111000
010001111000
001101101000
010001111001
010001110111
010101110011
101111000110
110111000111
111111101010
111111011010
101010000101
101010000101
101110000101
101110000101
101101110101
100101010011
100101000010
100101000010
100101000010
100101000010
100101000010
100101010010
100101000010
100101000001
100101010010
100101000010
100101000010
100101000010
100101000010
100101000010
100101000010
101110000101
101110000101
101101110100
101010000100
101010000100
111111101010
111111101001
110011000110
110011000110
010101110010
010001110111
001101111001
001101101001
001101101000
001101111001
010001111001
010001111000
010001101000
001101110111
010001110111
010001111001
010001111001
010001111001
010001111000
001101111000
010001111001
010001111001
010001111000
010001111000
010001110111
010001100111
010001111000
010001111000
001101111000
010001101000
010001101001
010001111001
010001110110
101011010111
101111000101
111011101000
111111101001
111111011001
111111101010
111111011001
111111101001
101110000101
101001110100
101110000101
101110000100
101110000100
101110000101
101001110100
101110000101
101101110101
101101110101
101110000100
101110000100
101110000101
101101110100
101110000101
101101110100
101101110100
101110000101
101101110100
101001110100
111111011001
111111101001
111111101001
111111101001
111111101001
111111101000
101111010101
101011010110
010001110110
001101111000
001101111001
010001111001
001101101001
010001111001
010001111001
010001111000
010001111001
001101111000
001101101000
010001111001
010001101001
010001111000
001101111000
010001111001
010001111001
010001111000
010001111001
010001111001
010001101001
010001111001
010001111001
010001111001
010001111001
010001111001
001101101001
010001110110
101111010110
101111010100
111111111001
111111101001
111111101001
111111101001
111111101001
111111101001
111111011001
111111101010
111111011001
111111101010
111111101010
111111101010
111111101010
111111011010
111111101011
111111011010
111111101010
111111101010
111111011010
111111011010
111111101010
111111101010
111111101010
111111011010
111111011010
111111101010
111111101001
111111101000
111111101000
111111101001
111111101001
111111101000
101111010100
101011010110
010001110110
001101111000
010001111001
010001101000
010001111001
001101101000
010001101000
010001101000
010001111001
010001111001
010001111001
010001111001
010001101000
010001111001
010001111001
001101101000
001101101000
010001111001
001101111000
001101111000
010001111001
001101101001
001101111001
010001111001
001101101000
010001111001
010001111001
010001110110
101011000110
101111010100
111111101000
111111101001
111111101001
111111101001
111111011000
111111101001
111111011000
111111101001
111111101001
111111101001
111111101010
111111101010
111111101010
111111101001
111111101001
111111101001
111111101001
111111101001
111111101010
111111101010
111111101010
111111101010
111111101010
111111101010
111111101001
111111101001
111111101001
111111101001
111111101001
111111101001
111111101001
111111111001
101111010101
101011010111
010001100101
010001111000
010001101001
010001101001
100111001100
010001110111
010001111000
010001111001
001101111001
001101111001
001101111000
010001111000
010001111001
010001111001
001101111001
010001111001
010001111001
001101111001
010001111001
001101111000
001101101001
010001111001
010001111000
001101101000
010001111001
010001111000
001101111001
010001110111
101011010110
101111010100
111111101000
111111101001
111111101001
111111101000
111111101001
111111101001
111111101001
111111101001
111111101001
111111101001
111111101010
000100000000
000100000000
111111101010
111111101001
111111101001
111111101001
111111101001
111111101011
000100000000
000000000000
111111101010
111111101001
111111101001
111111101001
111111101001
111111101001
111111101001
111111101001
111111101010
111111101001
111111101001
101111010101
101011010110
010001110110
010001111000
010001101000
010001110111
010001110111
010001110111
010001111000
010001111001
001101111001
001101111001
010001111000
010001111000
010001111001
010001101001
010001111001
010001111001
010001111001
001101111001
001101111001
001101111001
010001111001
010001111000
010001110111
010001110111
001101111000
010001111001
010001111001
010001110110
101011010110
101111010101
111111101001
111111101001
111111101000
111111101000
111111101000
111111101000
111111101001
111111101001
111111101001
111111101010
111111101010
000000000000
000100000000
111111101010
111111101001
111111101001
111111101001
111111101010
111111101011
000100000000
000100000000
111111101011
111111101010
111111101001
111111101001
111111101001
111111101001
111111101001
111111101001
111111101001
111111101001
111111101001
101111000100
101011010111
010101100110
010001101000
010001110110
100111001010
010001110110
010001110111
010001111000
010001111001
010001111001
001101101001
010001111001
010001111001
010001111001
001101111001
010001111001
010001111001
001101111000
001101111001
001101111001
010001111001
010001111001
010001111000
010001110111
100011001100
010001111000
010001111001
010001101000
010101110111
101011010111
101111000101
100110000011
111111101001
111111101001
111111101000
111111101000
111111101001
111111101000
111111101001
111111101010
111111101010
111111101011
000000000000
000000000000
111111101011
111111101001
111111101001
111111101001
111111101001
111111101011
000000000000
000000000000
111111101011
111111101010
111111101001
111111101001
111111011001
111111101001
111111101001
111111101001
111111101001
111111101001
100110010011
101111010101
101011000110
010101110111
010001101000
101011001011
010001110101
100111001011
010001110111
010001111000
010001111001
001101101001
010001111001
001101101000
001101101001
001101111001
010001111001
010001111000
010001111000
010001111001
001101111001
001101111001
010001111001
010001111000
010001111000
010001111000
010001111001
001101111000
010001111000
010001111001
010001110110
101011011000
101111010110
100110010100
111111101001
111111101001
111111101001
111111101001
111111101001
111111101001
111111101001
111111101001
111111101010
111011101011
000000000000
000100000000
111111101010
111111101010
111111101001
111111101001
111111101010
111111101010
000100000000
000100000000
111011101010
111111101010
111111101001
111111101001
111111101001
111111101001
111111101001
111111011001
111111101001
111111101001
100110010011
101111010110
101011011000
010001110111
010001101000
010001110110
100111001011
010001110111
010001111001
010001101001
010001111001
010001101001
010001111000
010001111001
010001111000
010001111000
001101111000
010001111000
010001111000
010001111001
001101111001
001101111001
010001111001
010001111000
010001111000
010001111001
010001111001
001101111000
001101111000
010001111001
010001110111
010101110100
101111000111
110011000111
100110000100
111111101010
111111101010
111111011001
111111011001
111111101001
111111101001
111111101001
111111101001
111111101011
000000000000
000000000000
111111101010
111111101001
111111101001
111111101001
111111101001
111111101010
000100000000
000000000000
111111101010
111111101001
111111101001
111111101001
111111101001
111111011000
111111101001
111111101001
111111101001
101010000011
110011000110
101011010111
010010000100
010001100111
010001111000
010001110111
010001110111
010001111000
001101101000
010001111001
010001111001
010001111000
001101101000
010001111000
010001111000
010001111000
010001111000
010001111000
010001111000
010001111001
010001111001
010001111001
010001111001
010001111000
010001111001
001101101001
010001111001
010001111000
010001111001
010001111001
010001111000
010001110101
101011001001
101111000110
100110010011
100110000011
111111011001
111111101010
111111101001
111111101001
111111101001
111111101001
111111101001
111111101010
000100000000
000100000000
111111101010
111111101001
111111101001
111111101001
111111011001
111111101010
000100000000
000100000000
111111101010
111111101001
111111101001
111111101001
111111101001
111111101001
111111101001
111111101001
101010000011
101010010011
101111000111
101011001001
010001110110
010001111000
001101101000
010001111000
001101110111
001101111000
010001111001
010001111001
001101101001
010001111001
010001111001
010001111000
010001111000
010001111000
010001111001
010001111000
010001111000
010001111001
010001111001
010001111001
010001111001
010001111001
010001111001
001101101001
010001111001
001101111000
001101111000
010001101001
010001111001
010001110111
010101110101
101111000111
110011000110
100110000100
111111101010
111111101001
111111011001
111111101001
111111011001
111111101001
111111101001
111111101010
111111101010
111111101001
111111101010
111111101001
111111101001
111111101001
111111101001
111111101010
111111011010
111111101010
111111101010
111111101001
111111101001
111111101001
111111101001
111111011001
111111101001
111111101001
101010000011
110011000110
101111000111
010001110110
010001111000
001101111000
010001111001
001101111000
001101111000
001101111000
001101111000
001101111001
010001111001
010001111000
001101101000
010001111000
010001111001
010001111001
010001111001
010001111001
010001111001
010001111001
010001111001
010001111001
010001111001
010001111001
010001111001
010001111001
010001111000
100111001100
010001110111
010001101000
010001111001
010001101000
010001100101
101111000111
101111000110
100110010100
101010000100
111111101001
111111101010
111111011001
111111101001
111111101001
111111101001
111111101001
111111101001
111111101001
111111101001
111111101001
111111101001
111111101001
111111101001
111111101001
111111101001
111111101010
111111101010
111111101001
111111101000
111111101001
111111011001
111111101010
111111101010
101010000100
100110010011
101111000110
101111001000
010001110111
010001111000
010001111001
001101111001
010001111001
001101111000
010001111000
001101101000
001101111000
010001111000
010001110111
010001111000
010001111000
001101101001
010001111001
001101101001
010001111001
010001111001
010001111001
010001111001
010001111001
010001111001
010001111001
010001111001
010001111000
010001111000
010001110111
010001111000
010001111001
010001111001
010001111000
010001110111
010101110100
101111001000
110011000111
100110010011
100110010011
100110000011
101010000011
111111101001
111111101001
111111101001
111111101001
111111101001
111111101001
111111101001
111111101001
111111101010
111111101001
111111101001
111111101001
111111101001
111111011010
111111011010
111111101001
111111101001
111111101001
101010000100
100110000011
100110010100
100110010011
101111000111
101011001000
010101110101
010001110111
001101101000
010001111001
001101111001
001101111001
001101111000
001101111000
010001111000
010001111000
001101111000
010001110111
100111001101
010001111001
001101101001
010001111001
010001101010
010001111001
010001111001
010001111001
010001111001
010001111001
010001111001
010001111001
010001111001
010001111000
010001111001
010001111000
010001111001
010001111001
010001101001
010001111000
010001111000
010001110111
010001110101
101011011000
101111010110
101111000101
110011010101
100110010011
100110010011
100110000011
100110000011
101010000100
101010000100
101110000100
111111101010
111111011010
111111011010
111111101010
111111101010
111111011010
101110000101
101110000101
101010000100
101010000011
101010010011
100110000011
100110010011
101111000101
101111010101
101011010110
101011001000
010001110110
010001111000
010001111000
010001111000
010001111001
010001111001
001101111000
001101111000
010001111000
001101111000
010001111001
010001111001
010001111001
010001111000
010001111000
010001111001
010001111001
010001111001
010001111001
010001111001
010001111001
010001111001
010001111001
010001111001
010001111001
010001111001
010001111000
010001111001
010001101000
010001111001
010001111001
010001111001
010001111001
001101111000
001101111001
010001110111
010001110100
101011010111
101011010111
101011000110
101111000111
101111000111
110011000111
110011000111
101010010100
101010000100
101010000011
101010000100
101010000011
101010010100
100110000011
101010010100
101010010100
101010000100
101010000100
101010000100
110011000111
110011000111
101111000111
101111000111
101011000110
101011010111
101011011000
010001110101
001101110111
001101111000
010001111000
010001111000
010001111001
010001111001
010001111000
001101111000
010001111001
010001111001
010001111001
010001111001
010001111001
010001111001
010001111001
010001111000
010001111000
010001111000
010001111001
010001111001
010001111000
010001111000
010001111000
010001111000
010001111001
010001111001
010001111001
001101101000
010001110111
010001110111
010001101000
010001101001
010001111001
001101111001
010001111001
010001111000
010001111000
010001100111
010001110110
010101110101
101111011001
101111001000
101111001000
101111000111
110011000110
110011000101
110011010101
101111000100
101111000100
101111000101
101111010101
101111000101
101111000100
110011000100
110011000100
101111000101
101111001000
101111001001
101011001000
101011011001
010001110101
010001110110
010001110110
010001110111
010001101000
010001111001
010001110111
100111001101
010001111000
010001111001
001101101000
010001111001
010001111001
001101101001
010001111001
010001111001
010001111001
010001111001
010001111001
010001111001
010001111000
001101111000
010001111001
010001111001
010001111000
010001111000
010001111000
010001111000
010001111001
010001111001
010001111000
010001110111
101011011011
010001110101
010001111000
010001111001
001101111001
001101111001
010001111001
010001101001
010001111001
010001111001
010001101000
010001110111
010001110101
010101110101
010101110101
011001110101
101011000111
101111010110
101011000110
101011010110
101111010110
101011010110
101011010110
101111010110
101011010101
101111010110
101011010110
101111010111
010101110100
010001100101
010001110101
010001110101
010001111000
010001101000
010001110111
010001110111
010001111000
010001101000
010001110111
010001100111
010001111001
010001111001
010001111000
001101101000
010001111001
010001111001
010001111001
010001111001
010001111001
010001111001
010001111001
010001111001
010001111000
001101111000
001101111001
001101111001
010001111000
010001111000
010001111000
010001111001
010001111001
010001111001
010001111000
100111001011
100111011000
101011011001
001101100110
010001111000
001101111001
001101111001
010001111001
001101101000
010001111001
010001111001
010001110111
010001110111
010001110111
010001110111
010001101000
010001100111
010001110110
010001110110
010001110110
010001110110
010001110110
010001110110
010001110110
010001110101
010101110101
010001110100
010001110110
010001100110
010001110111
010001111000
010001111000
010001111000
010001111000
010001110111
100111001010
010001110101
100111001100
010001111000
010001100111
010001111000
010001101000
010001111001
010001111000
010001111001
010001111001
001101111001
010001111001
010001111001
010001111001
010001111001
010001111001
010001111001
010001111001
010001111000
001101111001
001101111001
010001111001
010001111001
010001111000
010001111001
010001111001
010001111001
001101110111
010001110110
101011011001
010001110100
010001110111
010001111001
001101111000
010001111001
010001101001
010001111001
001101111001
001101101000
010001110111
100111001101
010001111000
010001111001
010001101000
010001111001
001101111001
010001111001
010001111000
010001101000
010001111001
010001111001
010001111001
010001111000
100111001100
010001110111
010001111000
010001111001
010001111000
010001101000
010001101001
010001111001
001101111000
001101110111
010001110101
100111011010
010001110110
010001110111
010001111000
010001111001
001101101000
010001111000
010001111001
001101111000
010001111001
010001111001
010001111001
010001111001
010001111001
010001111001
010001111001
010001111001
010001111001
010001111001
001101111001
001101111001
010001111001
010001111001
010001111001
010001111001
010001111001
010001111001
010001111000
010001111000
010001100111
010001100111
010001101000
010001101000
010001111001
001101101000
010001111001
001101101000
010001111001
001101111001
010001111001
010001111001
001101111000
010001111000
010001111000
010001111001
001101111001
001101111001
001101111000
010001111001
010001111001
010001101001
010001101001
001101101000
010001111001
001101111000
001101111001
001101111000
001101101000
010001111001
010001111001
010001111001
010001101001
010001111000
100111011100
010001110101
101011001011
010001110111
010001111000
001101111001
010001111001
001101111001
010001111001
001101111001
010001111001
001101111001
010001111001
010001111001
010001111001
010001111001
010001111001
010001111001
010001111001
010001111001
001101111001
001101111001
010001111001
010001111001
010001111001
010001111001
010001111000
010001111000
010001111001
010001101001
010001101001
010001101001
010001101001
010001111001
001101101000
010001111001
010001111001
010001111001
001101111000
001101111001
010001101001
010001111001
010001111000
010001111000
010001111000
001101111001
001101111001
001101111001
001101111000
010001111000
010001101000
010001111001
010001111001
010001111001
001101111001
001101111001
001101111001
001101111000
010001111000
010001101000
010001111001
010001101000
010001111001
010001111000
001101110111
010001110110
010001110110
010001110110
010001111000
001101111001
010001111001
001101111000
001101111001
001101111001
010001111001
010001111001
010001111001
010001111001
010001111001
010001111001
010001111001
010001111001
010001111001
010001111001
