010111000000
010111010000
010111010001
011011010001
011011010001
011111010001
011111010001
100011010001
100011010001
100111010001
100111010010
101011100010
101011100010
101111100010
110011100010
110011100010
110111100010
110111100010
111011100010
111011100010
111111100011
111111100010
111111110011
111111110011
111111110011
111111110010
111111100010
111111100010
111111100010
111111100010
111111100010
111111100010
111111010010
111111010010
111111010010
111111000010
111111000010
111111000010
111110110001
111110110001
111110110001
111110100001
111110100001
111110100001
111110010001
111110010000
111110010000
111110000000
111110000000
111110000000
111110000000
111110000000
111101110000
111101110000
111101110000
111101110000
111101100000
111101100000
111101100000
111101100000
111101100000
111101100000
111101010000
111101010000
010011000000
010111000000
010111010000
011011010001
011011010001
011011010001
011111010001
011111010001
100011010001
100011010001
100111010001
101011100001
101011100010
101111100010
110011100010
110011100010
110111100010
110111100010
111011100010
111011100010
111011100010
111111100010
111111100011
111111100011
111111110011
111111110010
111111100010
111111100010
111111100010
111111100010
111111100010
111111100010
111111010010
111111010010
111111010010
111111000010
111111000010
111111000001
111110110001
111110110001
111110110001
111110100001
111110100001
111110100001
111110010000
111110010000
111110010000
111110000000
111110000000
111110000000
111110000000
111101110000
111101110000
111101110000
111101110000
111101110000
111101100000
111101100000
111101100000
111101100000
111101100000
111101100000
111101010000
111101010000
010011000000
010011000000
010111000000
010111000000
011011000001
011011010001
011111010001
011111010001
011111010001
100011010001
100111010001
100111010001
101011010001
101011100001
101111100010
110011100010
110011100010
110111100010
110111100010
111011100010
111011100010
111111100010
111111100011
111111100010
111111110011
111111110010
111111110010
111111100010
111111100010
111111100010
111111100010
111111100010
111111010010
111111010010
111111010010
111111000010
111111000010
111111000010
111110110001
111110110001
111110110001
111110100001
111110100001
111110100000
111110010000
111110010000
111110010000
111110000000
111110000000
111110000000
111101110000
111101110000
111101110000
111101110000
111101110000
111101100000
111101100000
111101100000
111101100000
111101100000
111101100000
111101010000
111101010000
111101010000
010011000000
010011000000
010011000000
010111000000
010111000001
011011010001
011011010001
011111010001
011111010001
011111010001
100011010001
100111010001
100111010001
101011010001
101111100010
101111100010
110011100010
110111100010
110111100010
111011100010
111011100010
111111100010
111111110011
111111110010
111111110010
111111110010
111111110010
111111100010
111111100010
111111100010
111111100010
111111100010
111111010010
111111010010
111111010010
111111000010
111111000010
111111000001
111110110001
111110110001
111110100001
111110100001
111110100000
111110010000
111110010000
111110010000
111110000000
111110000000
111110000000
111110000000
111101110000
111101110000
111101110000
111101110000
111101100000
111101100000
111101100000
111101100000
111101100000
111101100000
111101010000
111101010000
111101010000
111101010000
001111000000
001111000000
010011000000
010011000000
010111000000
010111000001
011011010001
011011010001
011111010001
011111010001
100011010001
100011010001
100111010001
101011010001
101011100010
101111100010
110011100010
110011100010
110111100010
110111100010
111011100010
111011100010
111111110011
111111110010
111111110010
111111110011
111111110010
111111100010
111111100010
111111100010
111111100010
111111100010
111111010010
111111010010
111111010010
111111000010
111111000010
111110110001
111110110001
111110110001
111110100001
111110100001
111110100000
111110010000
111110010000
111110010000
111110000000
111110000000
111110000000
111101110000
111101110000
111101110000
111101110000
111101110000
111101100000
111101100000
111101100000
111101100000
111101100000
111101010000
111101010000
111101010000
111101010000
111101010000
001111000000
001111000000
001111000000
010011000000
010011000000
010111000000
010111010001
011011010001
011011010001
011111010001
011111010001
100011010001
100111010001
100111010001
101011010010
101111100010
101111100010
110011100010
110011100010
110111100010
111011100010
111011100010
111111110010
111111110010
111111110010
111111110011
111111110010
111111100010
111111100010
111111100010
111111100010
111111100010
111111010010
111111010010
111111010010
111111000010
111111000010
111110110001
111110110001
111110100001
111110100001
111110100001
111110010000
111110010000
111110010000
111110000000
111110000000
111110000000
111101110000
111101110000
111101110000
111101110000
111101110000
111101100000
111101100000
111101100000
111101100000
111101100000
111101010000
111101010000
111101010000
111101010000
111101010000
111001010000
001011000000
001011000000
001111000000
001111000000
010011000000
010011000000
010111000001
010111000000
011011010001
011011010001
011111010001
011111010001
100011010001
100111010001
101011010001
101011010001
101111100010
110011100010
110011100010
110111100010
110111100010
111011100010
111111100010
111111100010
111111110010
111111110011
111111110011
111111100010
111111100010
111111100010
111111100010
111111100010
111111010010
111111010010
111111010010
111111000010
111111000010
111110110001
111110110001
111110100001
111110100001
111110100000
111110010000
111110010000
111110000000
111110000000
111110000000
111110000000
111101110000
111101110000
111101110000
111101110000
111101100000
111101100000
111101100000
111101100000
111101100000
111101010000
111101010000
111101010000
111101010000
111101010000
111101010000
111001010000
001011000000
001011000000
001011000000
001111000000
001111000000
010011000000
010011000000
010111000001
010111010000
011011010001
011011010001
011111010001
100011010001
100011010001
100111010001
101011010001
101011100010
101111100010
110011100010
110011100010
110111100010
111011100010
111011100010
111111100010
111111110010
111111110011
111111110011
111111100010
111111100010
111111100010
111111100010
111111100010
111111010010
111111010010
111111010010
111111000010
111111000001
111110110001
111110110001
111110100001
111110100001
111110010000
111110010000
111110010000
111110000000
111110000000
111110000000
111101110000
111101110000
111101110000
111101110000
111101100000
111101100000
111101100000
111101100000
111101100000
111101100000
111101010000
111101010000
111101010000
111101010000
111101010000
111101010000
111001000000
000111000000
001011000000
001011000000
001011000000
001111000000
001111000000
010011000000
010011000000
010111000000
010111010001
011011010001
011011010001
011111010001
100011010001
100011010001
100111010001
101011010010
101111100010
101111100010
110011100010
110111100010
111011100010
111011100010
111111110010
111111110010
111111110010
111111110011
111111100010
111111100010
111111100010
111111100010
111111100010
111111010010
111111010010
111111000010
111111000010
111110110010
111110110001
111110100001
111110100001
111110100001
111110010000
111110010000
111110000000
111110000000
111110000000
111101110000
111101110000
111101110000
111101110000
111101110000
111101100000
111101100000
111101100000
111101100000
111101010000
111101010000
111101010000
111101010000
111101010000
111101010000
111101010000
111101000000
111001000000
000111000000
000111000000
001011000000
001011000000
001011000000
001111000000
001111000000
010011000000
010011000000
010011000000
010111010001
011011010001
011011010001
011111010001
100011010001
100111010001
100111010001
101011010001
101111100010
110011100010
110111100010
110111100010
111011100010
111011100010
111111100010
111111110010
111111110011
111111100010
111111100010
111111100010
111111100010
111111100010
111111010010
111111010010
111111000010
111111000010
111110110001
111110110001
111110100001
111110100001
111110010001
111110010000
111110000000
111110000000
111110000000
111101110000
111101110000
111101110000
111101110000
111101100000
111101100000
111101100000
111101100000
111101100000
111101100000
111101010000
111101010000
111101010000
111101010000
111101010000
111101010000
111101000000
111001000000
111001000000
000111000000
000111000000
000111000000
001011000000
001011000000
001011000000
001111000000
001111000000
001111000000
010011000000
010111000000
010111010001
011011010001
011111010001
011111010001
100011010001
100111010001
101011010001
101011100010
101111100010
110011100010
110111100010
111011100010
111011100010
111111100010
111111110011
111111110011
111111110010
111111100010
111111100010
111111100010
111111100010
111111010010
111111010010
111111000010
111111000010
111110110001
111110110001
111110100001
111110100001
111110010001
111110010000
111110000000
111110000000
111110000000
111101110000
111101110000
111101110000
111101100000
111101100000
111101100000
111101100000
111101100000
111101100000
111101010000
111101010000
111101010000
111101010000
111101010000
111101000000
111101000000
111001000000
111001000000
111001000000
000011000000
000011000000
000111000000
000111000000
000111000000
001011000000
001011000000
001011000000
001111000000
001111000000
010011000000
010111000000
010111010001
011011010001
011111010001
011111010001
100011010001
100111010001
101011100010
101111100010
110011100010
110111100010
110111100010
111011100010
111111100010
111111110010
111111110011
111111110010
111111100010
111111100010
111111100010
111111100010
111111010010
111111010010
111111000010
111111000001
111110110001
111110100001
111110100001
111110010001
111110010000
111110000000
111110000000
111110000000
111101110000
111101110000
111101110000
111101110000
111101100000
111101100000
111101100000
111101100000
111101100000
111101010000
111101010000
111101010000
111101010000
111101010000
111101000000
111101000000
111001000000
111001000000
111001000000
111001000000
000010110000
000010110000
000011000000
000111000000
000111000000
000111000000
001011000000
001011000000
001011000000
001111000000
001111000000
010011000000
010111000000
010111010001
011011010001
011111010001
011111010001
100011010001
100111010001
101011100010
101111100010
110011100010
110111100010
111011100010
111011100010
111111110010
111111110010
111111110010
111111100011
111111100010
111111100010
111111100010
111111010010
111111010010
111111000010
111111000001
111110110001
111110100001
111110100001
111110010001
111110010000
111110000000
111110000000
111101110000
111101110000
111101110000
111101110000
111101110000
111101100000
111101100000
111101100000
111101100000
111101100000
111101010000
111101010000
111101010000
111101010000
111101010000
111101000000
111101000000
111001000000
111001000000
111001000000
111001000000
000011000000
000010110000
000010110000
000011000000
000111000000
000111000000
000111000000
000111000000
001011000000
001011000000
001111000000
001111000000
010011000000
010111000000
010111010001
011011010001
011111010001
100011010001
100111010001
100111010001
101011100010
110011100010
110111100010
110111100010
111011100010
111111110010
111111110010
111111110010
111111100011
111111100010
111111100010
111111100010
111111010010
111111010010
111111000010
111110110001
111110110001
111110100001
111110010001
111110010000
111110000000
111110000000
111110000000
111101110000
111101110000
111101110000
111101100000
111101100000
111101100000
111101100000
111101100000
111101100000
111101010000
111101010000
111101010000
111101010000
111101010000
111101000000
111101000000
111001000000
111001000000
111001000000
111001000000
111001000000
000010110000
000010110000
000010110000
000010110000
000010110000
000010110000
000111000000
000111000000
000111000000
001011000000
001011000000
001111000000
001111000000
010011000000
010111000001
010111000001
011011010001
011111010001
100011010001
100111010001
101011010001
101111100010
110011100010
110111100010
111011100010
111011100010
111111110010
111111110010
111111100011
111111100010
111111100010
111111100010
111111010010
111111010010
111111000010
111110110001
111110110001
111110100001
111110010000
111110010000
111110000000
111110000000
111101110000
111101110000
111101110000
111101100000
111101100000
111101100000
111101100000
111101100000
111101100000
111101010000
111101010000
111101010000
111101010000
111101010000
111001000000
111001000000
111001000000
111001000000
111001000000
111001000000
111000110000
111000110000
000010110000
000010110000
000010110000
000010110000
000010110000
000010110000
000010110000
000111000000
000111000000
000111000000
001011000000
001011000000
001111000000
001111000000
010011000000
010111000001
010111000000
011011010001
011111010001
100011010001
100111010001
101111010001
110011100010
110111100010
111011100010
111011100010
111111110010
111111110010
111111110011
111111100011
111111100010
111111100010
111111010010
111111010010
111111000001
111110110001
111110100001
111110100001
111110010001
111110010000
111110000000
111110000000
111101110000
111101110000
111101110000
111101100000
111101100000
111101100000
111101100000
111101100000
111101010000
111101010000
111101010000
111101010000
111101010000
111101000000
111001000000
111001000000
111001000000
111001000000
111001000000
111000110000
111000110000
111000110000
000010110000
000010110000
000010110000
000010110000
000010110000
000011000000
000011000000
000010110000
000111000000
000111000000
000111000000
001011000000
001011000000
001111000000
001111000000
010011000000
010111000000
011011010000
011111010001
100011010001
100111010001
101011010001
101111100010
110011100010
111011100010
111011100010
111111100011
111111110011
111111110011
111111100011
111111100011
111111100010
111111010010
111111000010
111110110001
111110110001
111110100001
111110010001
111110010001
111110000001
111110000000
111101110000
111101110000
111101110000
111101100000
111101100000
111101100000
111101100000
111101100000
111101010000
111101010000
111101010000
111101010000
111101010000
111001000000
111001000000
111001000000
111001000000
111001000000
111001000000
111000110000
111000110000
111000110000
111000110000
000010110000
000010110000
000010110000
000010110000
000010110000
000010110000
000010110000
000010110000
000010110000
000010110000
000111000000
000111000000
001011000000
001011000000
001011000000
001111000000
010011000000
010111000000
011011000001
011111010001
100011010001
100111010001
101011010010
101111100010
110111100010
111011100010
111111100011
111111110011
111111110011
111111110011
111111100010
111111100010
111111010010
111111000001
111110110001
111110100001
111110100001
111110010001
111110000001
111110000001
111101110000
111101110000
111101110000
111101100000
111101100000
111101100000
111101100000
111101100000
111101010000
111101010000
111101010000
111101010000
111101010000
111101010000
111001000000
111001000000
111001000000
111001000000
111001000000
111000110000
111000110000
111000110000
111000110000
111000110000
000010110000
000010110000
000010110000
000010110000
000010110000
000010110000
000010110000
000010110000
000010110000
000010110000
000010110000
000110110000
000111000000
000111000000
001011000000
001011000000
001111000000
010011000000
010111000000
010111010001
011011010001
011111010001
100111010001
101011100010
110011100010
110111100010
111011100010
111111110011
111111110011
111111110011
111111100010
111111100010
111111010010
111111000001
111110110001
111110100001
111110010001
111110010001
111110000000
111110000000
111101110000
111101110000
111101100000
111101100000
111101100000
111101100000
111101100000
111101100000
111101010000
111101010000
111101010000
111001010000
111001000000
111001000000
111001000000
111001000000
111001000000
111001000000
111000110000
111000110000
111000110000
111000110000
111000110000
111000110000
000010110000
000010110000
000010110000
000010110000
000010110000
000010110000
000010110000
000010110000
000010110000
000010110000
000010110000
000010110000
000110110000
000110110000
000111000000
000111000000
001011000000
001111000000
010011000000
010011000001
010111010001
011011010001
100011010001
100111100001
101111100010
110011100010
110111100010
111011110011
111111110011
111111110011
111111100010
111111100010
111111010010
111111000001
111110110001
111110100001
111110010001
111110000000
111110000000
111101110000
111101110000
111101110000
111101100000
111101100000
111101100000
111101100000
111101100000
111101010000
111101010000
111101010000
111001010000
111001010000
111001000000
111001000000
111001000000
111001000000
111000110000
111000110000
111000110000
111000110000
111000110000
111000110000
111000110000
111000110000
000010110000
000010110000
000010110000
000010110000
000010110000
000010110000
000010110000
000010110000
000010110000
000010110000
000010110000
000010110000
000010110000
000010110000
000011000000
000111000000
000111000000
001011000000
001111000000
001111000000
010111000001
011011010001
011111010001
100011010001
101011010010
101111100010
110111100010
111011100011
111111110011
111111100011
111111100010
111111100010
111111010010
111111000001
111110110001
111110100001
111110010000
111110000000
111101110000
111101110000
111101110000
111101100000
111101100000
111101100000
111101100000
111101100000
111101010000
111101010000
111101010000
111101010000
111001010000
111001000000
111001000000
111001000000
111001000000
111001000000
111000110000
111000110000
111000110000
111000110000
111000110000
111000110000
111000100000
111000100000
000010110000
000010110000
000010110000
000010110000
000010110000
000010110000
000010110000
000010110000
000010110000
000010110000
000010110000
000010110000
000010110000
000010110000
000010110000
000011000000
000111000000
000111000000
001011000000
001111000000
010011000000
010111000001
011011010001
011111010001
100111010001
101011100010
110011100010
110111100010
111111110011
111111110011
111111100010
111111100010
111111010010
111111000001
111110100001
111110010001
111110000000
111110000000
111101110000
111101110000
111101100000
111101100000
111101100000
111101100000
111101100000
111101010000
111101010000
111101010000
111101010000
111001010000
111001000000
111001000000
111001000000
111001000000
111000110000
111000110000
111000110000
111000110000
111000110000
111000110000
111000100000
111000100000
111000100000
111000100000
000010110001
000010110001
000010110001
000010110001
000010110000
000010110000
000010110000
000010110000
000010110000
000010110000
000010110000
000010110000
000010110000
000010110000
000010110000
000010110000
000010110000
000111000000
000111000000
001011000000
001111000000
010011000000
010111000000
011011010000
100011010001
100111010001
101111100010
110111100010
111011110010
111111110011
111111100010
111111100010
111111010010
111111000010
111110100001
111110010000
111110000000
111101110000
111101110000
111101100000
111101100000
111101100000
111101100000
111101100000
111101010000
111101010000
111101010000
111001010000
111001000000
111001000000
111001000000
111001000000
111001000000
111000110000
111000110000
111000110000
111000110000
111000110000
111000100000
111000100000
111000100000
111000100000
111000100000
111000100000
000010110001
000011000001
000010110001
000011000001
000010110001
000010110001
000010110000
000010110000
000011000000
000010110000
000010110000
000011000000
000010110000
000010110000
000010110000
000010110000
000010110000
000010110000
000010110000
000110110000
001011000000
001011000000
010011000000
010111000000
011011010001
100011010001
101011010001
110011100010
111011100010
111111110010
111111110010
111111100010
111111010010
111110110001
111110100001
111110010000
111110000000
111101110000
111101110000
111101100000
111101100000
111101100000
111101100000
111101010000
111101010000
111001010000
111001010000
111001000000
111001000000
111001000000
111001000000
111001000000
111000110000
111000110000
111000110000
111000110000
111000110000
111000100000
111000100000
111000100000
111000100000
111000100000
110100100000
110100100000
000011000010
000011000001
000011000001
000011000001
000010110001
000011000001
000011000001
000011000001
000011000000
000011000000
000010110000
000010110000
000010110000
000010110000
000010110000
000010110000
000010110000
000010110000
000010110000
000011000000
000011000000
000111000000
001011000000
001111000000
010111000000
011111010001
100111010001
101111100010
110111100010
111011110011
111111100010
111111100011
111111010010
111110110001
111110100001
111110000000
111101110000
111001100000
111101100000
111101100000
111101100000
111101100000
111101010000
111101010000
111001010000
111001010000
111001000000
111001000000
111001000000
111001000000
111000110000
111000110000
111000110000
111000110000
111000110000
111000100000
111000100000
111000100000
110100100000
110100100000
110100100000
110100100000
110100010000
110100010000
000011000010
000011000010
000011000010
000011000010
000011000010
000011000010
000011000001
000011000001
000010110001
000010110001
000010110001
000010110000
000010110000
000010110000
000010110000
000010110000
000010110000
000010110000
000010110000
000011000000
000011000000
000011000000
000111000000
001011000000
001111000000
010111000001
011111010001
100111010010
110011100010
111011110011
111111110011
111111100010
111111000010
111110110001
111110010000
111110000000
111101110000
111101100000
111101100000
111101100000
111101100000
111101010000
111101010000
111001010000
111001010000
111001000000
111001000000
111001000000
111000110000
111000110000
111000110000
111000110000
111000110000
111000100000
111000100000
110100100000
110100100000
110100100000
110100100000
110100100000
110100010000
110100010000
110100010000
110100010000
000011000011
000011000011
000011000011
000011000011
000011000011
000011000010
000011000010
000011000010
000010110010
000011000001
000011000001
000010110001
000010110001
000010110001
000010110001
000010110001
000010110001
000010110000
000010110000
000010110000
000010110000
000010110000
000010110000
000010110000
000110110000
001111000000
010111000000
011111010001
101011010010
110111100011
111111110011
111111100011
111111000010
111110100001
111110000000
111001110000
111101110000
111101100000
111101100000
111101100000
111101010000
111101010000
111101010000
111001000000
111001000000
111001000000
111001000000
111000110000
111000110000
111000110000
111000110000
111000100000
111000100000
110100100000
110100100000
110100100000
110100100000
110100010000
110100010000
110100010000
110100010000
110100010000
110100010000
110100010000
000011000100
000011000100
000011000100
000011000100
000011000011
000011000011
000011000011
000011000011
000011000011
000011000010
000011000010
000011000010
000010110010
000010110010
000010110010
000011000001
000010110001
000010110001
000010110001
000010110000
000010110000
000010110000
000010110000
000010110000
000010110000
000111000000
001011000000
010111010001
100011010001
101111100010
111111110011
111111100011
111111000010
111110010001
111110000000
111101110000
111101100000
111101100000
111101100000
111101010000
111101010000
111101000000
111001000000
111001000000
111000110000
111000110000
111000110000
111000110000
111000100000
111000100000
111000100000
110100100000
110100100000
110100100000
110100100000
110100010000
110100010000
110100010000
110100010000
110100010000
110100010000
110100010000
110100010000
110100010000
000011000101
000011000101
000011000101
000011000100
000011000100
000011000100
000011000100
000011000100
000011000100
000011000100
000011000011
000011000011
000011000011
000011000011
000011000011
000011000011
000011000010
000011000010
000010110001
000010110001
000010110001
000010110001
000010110001
000010110000
000010110000
000010110000
000010110000
001011000000
010111010000
100111100001
110111110011
111111100011
111110110010
111110000000
111101110000
111101100000
111101100000
111101010000
111101010000
111001000000
111001000000
111001000000
111000110000
111000110000
111000110000
111000110000
111000100000
111000100000
110100100000
110100100000
110100100000
110100010000
110100010000
110100010000
110100010000
110100010000
110100010000
110100010000
110100010000
110100010000
110100010000
110100010000
110100000000
110100000000
000011000110
000011000101
000011000101
000011000101
000011000101
000011000101
000011000101
000011000101
000011000101
000011000101
000011000100
000011000100
000011000100
000011000100
000011000100
000011000100
000011000011
000011000011
000011000011
000010110010
000010110010
000010110010
000010110010
000010110001
000010110001
000010110001
000010110000
000010110000
001010110000
010111000000
101011100010
111111110100
111110110010
111101110000
111101100000
111101100000
111101010000
111101000000
111001000000
111000110000
111000110000
111000110000
111000100000
110100100000
110100100000
110100100000
110100010000
110100010000
110100010000
110100010000
110100010000
110100010000
110100010000
110100010000
110100010000
110100010000
110100000000
110100000000
110100000000
110100000000
110100000000
110100000000
110100000000
110100000000
000011000110
000011000110
000011000110
000011000110
000011000110
000011000110
000011000110
000011000110
000011000110
000011000101
000011000101
000011000101
000011000101
000011000101
000011000101
000011000101
000011000101
000011000101
000011000101
000011000100
000011000100
000011000100
000011000100
000010110011
000010110011
000010110010
000011000010
000010110001
000010110000
001010110000
011011000001
110111100100
111110100010
111001100000
111001010000
111001000000
111001000000
111000110000
110100110000
110100100000
110100100000
110100100000
110100010000
110100010000
110100010000
110100010000
110100010000
110100000000
110100010000
110100010000
110100000000
110100000000
110100000000
110100000000
110100000000
110100000000
110000000000
110000000000
110000000000
110000000000
110000000000
110000000000
110000000000
110000000000
000011000111
000011000111
000011000111
000011000111
000011000111
000011000111
000011000111
000011000111
000011000111
000011000111
000011000110
000011000110
000011000110
000011000110
000011000110
000011000110
000011000110
000011000110
000011000110
000011000110
000011000110
000011000110
000011000110
000011000110
000011000101
000011000101
000011000101
000011000100
000011000100
000010110011
001010100011
100011000110
110010000100
110001000001
110000110000
110000100000
110000100000
110000010000
110000010000
110000010000
110000010000
110000000000
110000000000
110000000000
110000000000
110000000000
110100000000
110000000000
110000000000
110000000000
110000000000
110000000000
110000000000
110000000000
110000000000
110000000000
110000000000
110000000000
110000000000
110000000000
110000000000
110000000000
110000000000
110000000000
000011001000
000011001000
000011001000
000011001000
000011001000
000011001000
000011001000
000011001000
000011001000
000011001000
000011001000
000011001000
000011001000
000011001000
000011001000
000011001000
000011001000
000011001000
000011001000
000011001000
000011001000
000011001000
000011001000
000011001000
000011001001
000011001001
000011001001
000011011001
000011001010
000111001011
001010111100
001101111010
010100010101
100000000100
100100000011
101000000010
101000000001
101100000001
101100000001
101100000001
101100000001
101100000001
101100000001
101100000000
101100000000
110000000000
110000000000
110000000000
110000000000
110000000000
110000000000
110000000000
110000000000
110000000000
110000000000
110000000000
110000000000
110000000000
110000000000
110000000000
110000000000
110000000000
110000000000
110000000000
000011001000
000011001001
000011001001
000011001001
000011001001
000011001001
000011001001
000011001001
000011001001
000011001001
000011001001
000011001001
000011001001
000011001001
000011001001
000011001001
000011001010
000011001010
000011001010
000011001010
000011001010
000011001010
000011001010
000011001011
000011001011
000011011100
000011011100
000011001101
000111001110
001010111111
000110011111
000000111011
001100001001
011000001000
100000000110
100000000100
100100000100
101000000011
101000000011
101000000011
101000000011
101000000010
101000000010
101100000010
101100000001
101100000001
101100000001
101100000001
101100000001
101100000001
101100000001
101100000001
110000000001
110000000000
110000000000
110000000000
110000000001
110000000001
110000000001
110000000000
110000000000
110000000000
110000000000
110000000000
000011001001
000011001001
000011001001
000011001001
000011001010
000011001010
000011001010
000011001010
000011001010
000011001010
000011001010
000011001010
000011001010
000011001010
000011001011
000011001011
000011001011
000011001100
000011001100
000011001100
000011001100
000011001100
000011001101
000011001101
000011011110
000011011110
000011001111
000011001111
000110111111
000110011111
000001011111
000000001011
001100001011
010100001001
011000001000
011100000110
100000000101
100000000101
100100000101
100100000101
100100000100
100100000100
100100000011
101000000011
101000000011
101000000010
101000000010
101100000010
101100000010
101100000001
101100000001
101100000001
101100000001
101100000001
101100000001
101100000001
101100000001
101100000001
101100000001
101100000001
101100000001
110000000001
110000000000
110000000000
000011001010
000011001010
000011001010
000011001010
000011001010
000011001010
000011001011
000011001011
000011001011
000011001011
000011001011
000011001011
000011001011
000011001100
000011001100
000011001100
000011001101
000011001101
000011001101
000011001110
000011001110
000011001110
000011001110
000011001111
000011011111
000011001111
000011001111
000010111111
000010011111
000001011111
000000101110
000000001101
001000001100
010000001011
010100001001
011000001000
011100000111
011100000110
100000000110
100000000110
100000000101
100000000101
100100000100
100100000100
100100000100
100100000011
101000000011
101000000011
101000000010
101000000010
101000000010
101100000010
101100000010
101100000010
101100000001
101100000001
101100000001
101100000001
101100000001
101100000001
101100000001
101100000001
101100000001
101100000001
000011001011
000011001011
000011001011
000011001011
000011001011
000011001011
000011001100
000011001100
000011001100
000011001100
000011001100
000011001100
000011001101
000011001101
000011001101
000011001101
000011001110
000011001110
000011001110
000011001110
000011001111
000011001111
000011001111
000011001111
000011001111
000010111111
000010111111
000010011111
000001101111
000001001111
000000011110
000100001110
001000001101
001100001100
010100001010
010100001001
011000001000
011100000111
011100000111
011100000110
100000000110
100000000101
100000000101
100000000100
100100000100
100100000100
100100000100
100100000011
101000000011
101000000011
101000000011
101000000011
101000000010
101000000010
101000000010
101000000010
101100000010
101100000010
101100000010
101100000010
101100000001
101100000001
101100000001
101100000001
000011001100
000011001100
000011001100
000011001100
000011001100
000011001100
000011001101
000011001101
000011001101
000011001101
000011001101
000011001101
000011001110
000011001110
000011001110
000011001110
000011001110
000011001110
000011011111
000011001111
000011001111
000011001111
000011001111
000011001111
000010111111
000010101111
000010011111
000001111111
000001001111
000000101111
000000001111
000100001110
001000001101
001100001100
010000001011
010100001001
011000001000
011000001000
011000000111
011100000111
011100000111
011100000110
100000000110
100000000101
100000000101
100000000101
100100000100
100100000100
100100000100
100100000100
100100000011
101000000011
101000000011
101000000011
101000000011
101000000011
101000000010
101000000010
101000000010
101000000010
101100000010
101100000010
101100000010
101100000010
000011001100
000011001100
000011001101
000011001101
000011001101
000011001101
000011001101
000011001101
000011001110
000011001110
000011001110
000011001110
000011001110
000011001111
000011001111
000011001111
000011001111
000011001111
000011001111
000011001111
000011001111
000011001111
000010111111
000010111111
000010101111
000010011111
000001111111
000001011111
000000111111
000000011111
000000001111
000100001111
001000001110
001100001100
010000001011
010100001010
011000001001
011000001000
011000001000
011000001000
011100000111
011100000111
011100000110
100000000110
100000000110
100000000110
100000000101
100100000101
100100000101
100100000100
100100000100
100100000100
100100000100
101000000100
101000000011
101000000011
101000000011
101000000011
101000000011
101000000010
101000000010
101000000010
101100000010
101100000010
000011001101
000011001101
000011001101
000011001101
000011001110
000011001110
000011001110
000011001110
000011001110
000011001110
000011001110
000011001111
000011001111
000011001111
000011001111
000011001111
000011001111
000011001111
000011001111
000011001111
000011001111
000010111111
000010111111
000010101111
000010001111
000001111111
000001101111
000001001111
000000101111
000000011111
000000001111
000000001111
000100001110
001000001100
010000001011
010100001010
010100001001
011000001001
011000001000
011000001000
011100001000
011100000111
011100000111
011100000111
011100000111
100000000110
100000000110
100000000110
100000000101
100000000101
100100000101
100100000101
100100000100
100100000100
100100000100
100100000100
101000000011
101000000011
101000000011
101000000011
101000000011
101000000010
101000000010
101000000010
000011001110
000011001110
000011001110
000011001110
000011001110
000011001110
000011001110
000011001110
000011001111
000011001111
000011011111
000011001111
000011001111
000011001111
000011001111
000011001111
000011001111
000011001111
000011001111
000011001111
000010111111
000010101111
000010101111
000010001111
000001111111
000001101111
000001001111
000000111111
000000011111
000000001111
000000001111
000000001111
000100001110
001000001101
001100001011
010000001010
010100001010
010100001001
011000001001
011000001001
011000001000
011100001000
011100001000
011100000111
011100000111
011100000111
011100000111
100000000110
100000000110
100000000101
100000000101
100000000101
100100000101
100100000100
100100000100
100100000100
100100000100
100100000011
101000000011
101000000011
101000000011
101000000011
101000000011
101000000010
000011001110
000011001110
000011001110
000011001110
000011001110
000011001111
000011001111
000011011111
000011011111
000011011111
000011001111
000011001111
000011001111
000011001111
000011001111
000011001111
000011001111
000011001111
000010111111
000010111111
000010101111
000010011111
000010011111
000001111111
000001101111
000001011111
000001001111
000000101111
000000011111
000000001111
000000001111
000100001111
000100001110
001000001101
001100001100
010000001011
010100001010
010100001001
010100001001
011000001001
011000001000
011000001000
011000001000
011100001000
011100001000
011100000111
011100000111
011100000110
100000000110
100000000110
100000000101
100000000101
100000000101
100100000101
100100000101
100100000100
100100000100
100100000100
100100000100
100100000011
101000000011
101000000011
101000000011
101000000011
000011001110
000011001110
000011001111
000011001111
000011011111
000011011111
000011001111
000011011111
000011001111
000011001111
000011001111
000011001111
000011001111
000011001111
000011001111
000011001111
000011001111
000010111111
000010111111
000010101111
000010011111
000010011111
000010001111
000001101111
000001011111
000001001111
000000111111
000000101111
000000011111
000000001111
000000001111
000100001111
000100001110
001000001101
001100001100
010000001011
010000001010
010100001010
010100001001
010100001001
011000001000
011000001000
011000001000
011000001000
011000000111
011100000111
011100000111
011100000110
011100000110
011100000110
100000000110
100000000110
100000000101
100000000101
100100000101
100100000101
100100000100
100100000100
100100000100
100100000100
100100000100
101000000011
101000000011
101000000011
000011001111
000011001111
000011001111
000011001111
000011001111
000011001111
000011001111
000011001111
000011001111
000011001111
000011001111
000011001111
000011001111
000011001111
000011001111
000010111111
000010111111
000010111111
000010101111
000010011111
000010001111
000010001111
000001111111
000001101111
000001001111
000000111111
000000101111
000000011111
000000001111
000000001111
000100001111
000100001111
000100001110
001000001101
001100001100
010000001011
010000001010
010100001010
010100001001
010100001001
011000001000
011000001000
011000001000
011000001000
011000001000
011100000111
011100000111
011100000110
011100000111
011100000110
011100000110
100000000110
100000000110
100000000101
100000000101
100000000101
100100000101
100100000100
100100000100
100100000100
100100000100
100100000100
100100000100
101000000011
000011001111
000011001111
000011001111
000011001111
000011001111
000011001111
000011001111
000011001111
000011001111
000011001111
000011001111
000011001111
000011001111
000011001111
000010111111
000010111111
000010101111
000010101111
000010011111
000010011111
000010001111
000001111111
000001101111
000001011111
000001001111
000000111111
000000101111
000000011111
000000001111
000000001111
000100001111
000100001110
000100001110
001000001101
001100001100
001100001100
010000001011
010000001010
010100001010
010100001001
011000001001
011000001000
011000001000
011000001000
011000001000
011100001000
011100000111
011100000111
011100000111
011100000111
011100000110
100000000110
100000000110
100000000110
100000000101
100000000101
100000000101
100100000101
100100000101
100100000100
100100000100
100100000100
100100000100
100100000100
000011001111
000011011111
000011011111
000011001111
000011011111
000011001111
000011001111
000011001111
000011001111
000011001111
000011001111
000011001111
000010111111
000010111111
000010111111
000010101111
000010101111
000010011111
000010011111
000010001111
000001111111
000001101111
000001011111
000001001111
000000111111
000000101111
000000011111
000000001111
000000001111
000000001111
000000001111
000100001110
000100001110
001000001101
001100001101
001100001100
010000001011
010000001011
010000001010
010100001010
010100001001
011000001001
011000001001
011000001000
011000001000
011000001000
011100000111
011100000111
011100000111
011100000111
011100000111
011100000110
100000000110
100000000110
100000000110
100000000101
100000000101
100000000101
100000000101
100100000101
100100000101
100100000100
100100000100
100100000100
000011001111
000011011111
000011011111
000011011111
000011001111
000011001111
000011001111
000011001111
000011001111
000011001111
000011001111
000010111111
000010111111
000010111111
000010101111
000010101111
000010011111
000010011111
000010001111
000001111111
000001101111
000001011111
000001001111
000000111111
000000101111
000000101111
000000011111
000000001111
000000001111
000000001111
000000001111
000000001110
000100001110
000100001101
001000001100
001100001100
001100001011
010000001011
010000001010
010100001010
010100001001
011000001001
011000001001
011000001001
011000001001
011000001000
011000001000
011100000111
011100000111
011100000111
011100000111
011100000111
011100000110
100000000110
100000000110
100000000110
100000000110
100000000101
100000000101
100000000101
100100000101
100100000101
100100000100
100100000100
000011001111
000011001111
000011001111
000011001111
000011001111
000011001111
000011001111
000011001111
000011001111
000011001111
000010111111
000010111111
000010111111
000010101111
000010101111
000010011111
000010001111
000010001111
000001111111
000001111111
000001101111
000001011111
000001001111
000000111111
000000101111
000000011111
000000001111
000000001111
000000001111
000000001111
000000001111
000000001110
000100001110
000100001101
001000001101
001100001100
001100001011
010000001011
010000001010
010000001010
010100001001
010100001001
011000001001
011000001001
011000001001
011000001000
011000001000
011000001000
011100000111
011100000111
011100000111
011100000111
011100000111
011100000110
100000000110
100000000110
100000000110
100000000110
100000000101
100000000101
100000000101
100100000101
100100000101
100100000101
000011001111
000011001111
000011001111
000011001111
000011001111
000011001111
000011001111
000011001111
000010111111
000010111111
000010111111
000010101111
000010101111
000010101111
000010011111
000010011111
000010001111
000001111111
000001111111
000001101111
000001011111
000001001111
000000111111
000000101111
000000101111
000000011111
000000001111
000000001111
000000001111
000000001111
000000001111
000000001111
000100001110
000100001101
001000001101
001000001100
001100001100
001100001011
010000001011
010000001010
010100001010
010100001001
010100001001
011000001001
011000001001
011000001000
011000001000
011000001000
011000001000
011100001000
011100000111
011100000111
011100000111
011100000111
011100000111
100000000110
100000000110
100000000110
100000000110
100000000101
100000000101
100000000101
100100000101
100100000101
000011001111
000011001111
000011001111
000011001111
000011001111
000011001111
000011001111
000010111111
000010111111
000010111111
000010101111
000010101111
000010101111
000010011111
000010011111
000010001111
000001111111
000001111111
000001101111
000001011111
000001001111
000001001111
000000111111
000000101111
000000011111
000000011111
000000001111
000000001111
000000001111
000000001111
000000001111
000100001111
000100001110
000100001101
001000001101
001000001101
001100001100
001100001100
010000001011
010000001010
010100001010
010100001010
010100001001
010100001001
011000001001
011000001000
011000001000
011000001000
011000001000
011000001000
011100001000
011100000111
011100000111
011100000111
011100000111
011100000111
100000000110
100000000110
100000000110
100000000110
100000000101
100000000101
100000000101
100000000101
000011001111
000011001111
000011001111
000011001111
000011001111
000010111111
000010111111
000010111111
000010111111
000010101111
000010101111
000010101111
000010011111
000010011111
000010001111
000010001111
000001111111
000001101111
000001011111
000001011111
000001001111
000000111111
000000101111
000000101111
000000011111
000000011111
000000001111
000000001111
000000001111
000000001111
000000001111
000000001111
000100001110
000100001101
001000001101
001000001101
001100001100
001100001100
010000001011
010000001011
010000001010
010100001010
010100001001
010100001001
011000001001
011000001001
011000001000
011000001000
011000001000
011000001000
011000001000
011100001000
011100000111
011100000111
011100000111
011100000111
011100000110
100000000110
100000000110
100000000110
100000000110
100000000101
100000000101
100000000101
000011001111
000011001111
000011001111
000011001111
000010111111
000010111111
000010111111
000010111111
000010101111
000010101111
000010011111
000010011111
000010011111
000010001111
000010001111
000001111111
000001101111
000001101111
000001011111
000001001111
000001001111
000000111111
000000101111
000000011111
000000011111
000000001111
000000001111
000000001111
000000001111
000000001111
000000001111
000000001111
000100001110
000100001110
001000001101
001000001101
001100001100
001100001100
001100001011
010000001011
010000001010
010000001010
010100001010
010100001001
010100001001
011000001001
011000001001
011000001000
011000001000
011000001000
011000001000
011000001000
011100000111
011100000111
011100000111
011100000111
011100000111
011100000110
100000000110
100000000110
100000000110
100000000110
100000000101
100000000101
000011001111
000011001111
000010111111
000010111111
000010111111
000010111111
000010101111
000010101111
000010101111
000010101111
000010011111
000010011111
000010001111
000010001111
000001111111
000001111111
000001101111
000001011111
000001001111
000001001111
000000111111
000000101111
000000101111
000000011111
000000011111
000000001111
000000001111
000000001111
000000001111
000000001111
000000001111
000000001111
000100001110
000100001110
000100001101
001000001101
001000001101
001100001100
001100001100
010000001011
010000001011
010000001010
010100001010
010100001001
010100001001
010100001001
010100001001
011000001001
011000001000
011000001000
011000001000
011000001000
011100001000
011100000111
011100000111
011100000111
011100000111
011100000111
011100000110
100000000110
100000000110
100000000110
100000000110
100000000110
000010111111
000010111111
000010111111
000010111111
000010111111
000010101111
000010101111
000010101111
000010011111
000010011111
000010001111
000010001111
000010001111
000001111111
000001111111
000001101111
000001011111
000001011111
000001001111
000000111111
000000111111
000000101111
000000011111
000000011111
000000001111
000000001111
000000001111
000000001111
000000001111
000000001111
000000001111
000100001111
000100001110
000100001110
000100001110
001000001101
001000001101
001100001100
001100001100
001100001011
010000001011
010000001010
010000001010
010100001010
010100001010
010100001001
010100001001
010100001001
011000001000
011000001000
011000001000
011000001000
011000001000
011100001000
011100000111
011100000111
011100000111
011100000111
011100000111
011100000110
100000000110
100000000110
100000000110
100000000110
000010111111
000010111111
000010111111
000010101111
000010101111
000010101111
000010101111
000010011111
000010011111
000010001111
000010001111
000010001111
000001111111
000001111111
000001101111
000001011111
000001011111
000001001111
000001001111
000000111111
000000101111
000000101111
000000011111
000000011111
000000001111
000000001111
000000001111
000000001111
000000001111
000000001111
000000001111
000100001111
000100001110
000100001110
000100001110
001000001101
001000001101
001100001100
001100001100
001100001011
010000001011
010000001011
010000001010
010000001010
010100001010
010100001001
010100001001
010100001001
011000001001
011000001000
011000001000
011000001000
011000001000
011000001000
011100001000
011100000111
011100000111
011100000111
011100000111
011100000111
011100000110
100000000110
100000000110
100000000110
000010111111
000010111111
000010101111
000010101111
000010101111
000010101111
000010011111
000010011111
000010011111
000010001111
000010001111
000001111111
000001111111
000001101111
000001101111
000001011111
000001001111
000001001111
000000111111
000000111111
000000101111
000000011111
000000011111
000000011111
000000001111
000000001111
000000001111
000000001111
000000001111
000000001111
000000001111
000000001111
000100001110
000100001110
000100001110
001000001101
001000001101
001000001100
001100001100
001100001011
001100001011
010000001011
010000001010
010000001010
010100001010
010100001010
010100001001
010100001001
010100001001
011000001001
011000001000
011000001000
011000001000
011000001000
011000001000
011100001000
011100000111
011100000111
011100000111
011100000111
011100000111
011100000110
100000000110
100000000110
000010111111
000010101111
000010101111
000010101111
000010101111
000010011111
000010011111
000010011111
000010001111
000010001111
000001111111
000001111111
000001101111
000001101111
000001011111
000001011111
000001001111
000000111111
000000111111
000000101111
000000101111
000000011111
000000011111
000000001111
000000001111
000000001111
000000001111
000000001111
000000001111
000000001111
000000001111
000000001111
000100001110
000100001110
000100001110
001000001101
001000001101
001000001101
001100001100
001100001100
001100001011
010000001011
010000001011
010000001010
010000001010
010100001010
010100001010
010100001001
010100001001
010100001001
011000001001
011000001000
011000001000
011000001000
011000001000
011000001000
011100000111
011100000111
011100000111
011100000111
011100000111
011100000110
011100000110
100000000110
000010101111
000010101111
000010101111
000010101111
000010011111
000010011111
000010011111
000010001111
000010001111
000001111111
000001111111
000001101111
000001101111
000001011111
000001011111
000001001111
000001001111
000000111111
000000111111
000000101111
000000101111
000000011111
000000011111
000000001111
000000001111
000000001111
000000001111
000000001111
000000001111
000000001111
000000001111
000000001111
000100001110
000100001110
000100001110
001000001101
001000001101
001000001101
001100001100
001100001100
001100001100
001100001011
010000001011
010000001010
010000001010
010100001010
010100001010
010100001001
010100001001
010100001001
011000001001
011000001001
011000001000
011000001000
011000001000
011000001000
011100001000
011100000111
011100000111
011100000111
011100000111
011100000111
011100000111
011100000110
000010101111
000010101111
000010101111
000010011111
000010011111
000010011111
000010001111
000010001111
000001111111
000001111111
000001101111
000001101111
000001011111
000001011111
000001001111
000001001111
000000111111
000000111111
000000101111
000000101111
000000011111
000000011111
000000011111
000000001111
000000001111
000000001111
000000001111
000000001111
000000001111
000000001111
000000001111
000000001111
000100001110
000100001110
000100001110
001000001101
001000001101
001000001101
001100001100
001100001100
001100001100
001100001011
010000001011
010000001011
010000001010
010000001010
010100001010
010100001010
010100001001
010100001001
010100001001
011000001001
011000001000
011000001000
011000001000
011000001000
011000001000
011100001000
011100000111
011100000111
011100000111
011100000111
011100000111
011100000111
000010101111
000010101111
000010011111
000010011111
000010011111
000010001111
000010001111
000001111111
000001111111
000001111111
000001101111
000001101111
000001011111
000001011111
000001001111
000001001111
000000111111
000000101111
000000101111
000000101111
000000011111
000000011111
000000001111
000000001111
000000001111
000000001111
000000001111
000000001111
000000001111
000000001111
000000001111
000000001111
000100001110
000100001110
000100001110
000100001101
001000001101
001000001101
001000001100
001100001100
001100001100
001100001011
001100001011
010000001011
010000001010
010000001010
010100001010
010100001010
010100001010
010100001001
010100001001
010100001001
011000001001
011000001000
011000001000
011000001000
011000001000
011000001000
011100001000
011100000111
011100000111
011100000111
011100000111
011100000111
000010011111
000010011111
000010011111
000010011111
000010001111
000010001111
000001111111
000001111111
000001111111
000001101111
000001101111
000001011111
000001011111
000001001111
000001001111
000000111111
000000111111
000000101111
000000101111
000000011111
000000011111
000000011111
000000001111
000000001111
000000001111
000000001111
000000001111
000000001111
000000001111
000000001111
000000001111
000100001111
000100001110
000100001110
000100001110
000100001101
001000001101
001000001101
001000001101
001100001100
001100001100
001100001100
001100001011
010000001011
010000001011
010000001010
010000001010
010100001010
010100001010
010100001001
010100001001
010100001001
011000001001
011000001001
011000001000
011000001000
011000001000
011000001000
011000001000
011000001000
011100000111
011100000111
011100000111
011100000111
000010011111
000010011111
000010011111
000010001111
000010001111
000001111111
000001111111
000001111111
000001101111
000001101111
000001011111
000001011111
000001001111
000001001111
000000111111
000000111111
000000101111
000000101111
000000101111
000000011111
000000011111
000000001111
000000001111
000000001111
000000001111
000000001111
000000001111
000000001111
000000001111
000000001111
000000001111
000100001111
000100001110
000100001110
000100001110
000100001110
001000001101
001000001101
001000001101
001000001100
001100001100
001100001100
001100001011
001100001011
010000001011
010000001011
010000001010
010000001010
010100001010
010100001010
010100001010
010100001001
010100001001
011000001001
011000001001
011000001000
011000001000
011000001000
011000001000
011000001000
011100001000
011100000111
011100000111
011100000111
000010011111
000010011111
000010001111
000010001111
000001111111
000001111111
000001111111
000001101111
000001101111
000001101111
000001011111
000001011111
000001001111
000001001111
000000111111
000000111111
000000101111
000000101111
000000011111
000000011111
000000011111
000000001111
000000001111
000000001111
000000001111
000000001111
000000001111
000000001111
000000001111
000000001111
000000001111
000100001111
000100001110
000100001110
000100001110
000100001110
001000001101
001000001101
001000001101
001000001101
001100001100
001100001100
001100001100
001100001011
010000001011
010000001011
010000001011
010000001010
010100001010
010100001010
010100001010
010100001001
010100001001
010100001001
011000001001
011000001001
011000001000
011000001000
011000001000
011000001000
011000001000
011100000111
011100000111
011100000111
000010011111
000010001111
000010001111
000010001111
000001111111
000001111111
000001111111
000001101111
000001101111
000001011111
000001011111
000001001111
000001001111
000000111111
000000111111
000000111111
000000101111
000000101111
000000011111
000000011111
000000011111
000000001111
000000001111
000000001111
000000001111
000000001111
000000001111
000000001111
000000001111
000000001111
000000001111
000100001111
000100001110
000100001110
000100001110
000100001110
000100001101
001000001101
001000001101
001000001101
001000001100
001100001100
001100001100
001100001011
010000001011
010000001011
010000001011
010000001010
010000001010
010100001010
010100001010
010100001010
010100001001
010100001001
011000001001
011000001001
011000001000
011000001000
011000001000
011000001000
011000001000
011000000111
011100000111
011100000111
