001001011
001001011
001001010
001001010
001001010
001010011
001010011
001010100
000010100
000010100
001010100
001010100
001010100
000010100
000010100
000010100
000010011
000001011
000001011
000001011
000001100
000001011
000010100
000010100
000010100
000010100
000010100
000010100
000010100
000010011
000010100
001010100
001010100
001010100
000010100
001010100
001010100
001001011
001010011
001010011
001010010
001010010
001010010
001010010
001010010
010010001
010010001
110101100
111101011
011010000
110100010
011001000
111111100
111101010
111100001
111100000
111100000
111101010
010010000
010010001
111111110
111111110
010010010
001010010
001010011
001010011
111111111
111111111
111111111
001010010
001010011
001010100
001010100
001010100
001010011
001010100
001010100
000010100
001010100
000010100
001010011
001010011
001010011
001010011
001010011
001010100
001010100
000010011
001010100
000010100
001010100
000010100
000010100
001010100
001010100
001010011
001010011
001010100
001010100
001010100
001010100
001010011
001010011
110111111
110111111
001010010
111111111
111111111
010010001
110110101
010001001
110110100
110100010
110100001
110100010
110100001
111101001
111100001
111100001
111100001
111100000
110100001
111101011
110101100
010010000
111111110
111111111
111111111
001010010
111111111
110101011
111101011
111111101
111111110
010011011
001010011
001010011
001010011
001010011
001010011
001010100
000010100
001010100
000001011
001010010
001010001
111111111
001010001
001010010
001010011
001010011
001010011
001010011
010011100
010011100
001010011
001010100
001010011
010011100
001010011
001010011
001010011
000010100
000010100
001010100
001010011
001010011
111111111
001010010
111111111
111111111
010010001
110110100
110101100
111111110
101100011
110100010
111101010
111100001
111100001
111100001
111100001
111101001
111100001
111100000
111100001
110100001
111101010
111110010
110101011
010010001
001010011
001010010
111111110
110101011
111101010
111101011
101100011
011011011
010011100
000001011
000001011
001010011
001010011
001010100
001010100
000010011
001010010
111111111
111111101
110110011
111110100
111111111
011011011
010011100
010011100
010011100
010011100
001010011
001010100
001010100
001010100
010011100
001010011
001010011
010011100
001010100
001010100
001010100
001010011
001010010
110111111
001010010
111111111
010001001
110101100
110101100
011010000
010010001
010010000
111101010
111100000
111100000
111100001
111100001
111100001
111100001
111100001
111100001
111100001
111100001
111100000
111101001
110101010
110110100
001010010
001010011
111111111
111110100
111101011
101100010
111111110
001010011
001010100
001010100
010011101
010011100
001010100
000010100
001010100
001010011
010011011
111110100
111101010
111101010
111101010
111110101
111111111
010010011
001010011
011011100
001001011
001010011
001010100
000010100
000010100
010011101
001010011
001010100
001010011
010011100
001010011
001010011
010011100
001010011
001010011
001010011
010010010
010010001
110101100
011001000
101100011
110100011
100011001
111100001
111100001
111101001
111100001
111100000
111100001
111100001
111100001
111101001
111101001
111101001
111101001
111101001
111110010
110110011
010010000
001010011
001010010
111111110
111111101
111111110
001010010
001010011
000010100
000010100
000010100
001010100
001010100
001010100
001010011
001010011
111111111
111110101
110101011
111101010
111101011
111111110
111111111
001010011
010011100
001001011
001010011
001010100
000010011
000010100
000010100
010011100
001010011
001010100
001010100
010011100
001010011
001010011
010011100
001010011
001010011
001010010
111111111
010010001
101100100
101100100
100010001
100010001
111101011
111100001
111100001
111100001
111100001
111101001
111100001
111101001
111101001
111101001
111110001
111101001
111101001
111110001
111101001
111101010
110101010
000010100
001010011
001010011
001010010
001010011
001010011
001010100
001010100
000010100
000010100
000010011
001010100
001001100
010011101
010011100
010011100
110110110
111111110
110110100
110101100
001001001
001010010
001010011
001010011
001010011
001010011
001010100
000010100
001010011
001010011
010011100
001010011
001010100
001010100
010011100
001010011
001010011
010011100
111111111
111111111
001010010
111111111
010011011
010011011
010001001
110101100
011010000
110100010
111100001
111100001
111100001
111100001
111100000
111100000
111101001
111101001
111101001
111110001
111101001
111101001
111101001
111101001
111101001
111101001
001010100
000001011
000010011
000010011
010011101
001010100
001010011
001010011
000010011
001010100
001010100
001010100
001010100
010011101
001001011
001010011
001010011
001001010
010010001
010010001
001010010
001010011
001010011
010011100
001010011
010011101
001010100
000010100
001010011
010011100
001010011
001010100
001010100
001010100
010011100
001010011
001010011
010011100
111111111
010010001
001010010
111111111
001010010
001010010
110110101
010010000
111101011
111100010
111100001
111100001
111100001
111100000
111100000
111100000
111101001
111101001
111101001
111110001
111110001
111110001
111101001
111101001
111101001
111101001
001010100
001010011
001010100
001010100
010011101
010011101
010011100
010011100
010011100
010011100
001010011
001010100
001010011
001010100
001010100
001010100
010011100
001010011
001010011
001010011
001010011
001010011
001010011
010011100
001010100
001010100
001010100
001010100
001010100
010011100
001010100
001010100
000010100
001010100
010011100
001010011
001010011
010011100
111111111
111111110
001010010
111111111
010010001
110101101
110101100
111111101
111101010
111100001
111100001
111100001
111100000
111101001
111100000
111100000
111101001
111101001
111101001
111110001
111101001
111110001
111101001
111101001
111101001
111101001
001010100
001010100
001010011
000010011
001010100
001010100
001001011
001010011
001010011
001010011
010011100
000010011
000010011
000010011
001010100
000010011
001010100
001010011
001010011
001010011
000000010
000001010
000000001
000001010
001010011
001010100
001010100
001010100
001010011
010011100
001010100
000010100
000010100
001010100
010011100
001010011
001010011
001010011
001010010
111111111
001010010
111111111
010010001
110101100
010010001
111111101
111101010
111100001
111100001
111100001
111100001
111100000
111100000
111100001
111101001
111101001
111101001
111101001
111101001
111101001
111101001
111101001
111101001
111101001
001010100
000001011
001010100
001010011
001010011
001010100
001010100
001010100
001010011
001010011
001010011
010011100
001010011
010011100
010011100
001010011
010011100
010011100
001010011
000001010
000001010
000000001
000000001
000001010
001010011
000010011
001010100
010011101
010011100
001010011
001010011
001010100
000010100
001010011
010011100
010011100
010011100
001010011
010011100
010011100
001010011
001010010
010010001
110110100
010010010
111111110
111101010
111101000
111100001
111100001
111100001
111100001
111100001
111100001
111101001
111101010
111101001
111101001
111101001
111110001
111101001
111101001
111101001
111101001
001010100
001001011
010011100
001010011
001010011
001010011
000010011
000010100
001010100
001010011
001010011
001010011
010011100
001010011
010011100
001010011
010011100
010011100
001010011
000001010
000000001
000001001
000001001
000001001
001010011
001010011
001010100
001010100
010011100
010011100
010011100
010011100
001011101
010011101
010011101
001010011
001010011
010011100
001010011
001010011
001010011
010010011
010010001
110101100
011011010
010010001
111101010
111101001
111101001
111100000
111100001
111100001
111100001
111100001
111101001
111101001
111101010
111101001
111101010
111101001
111100001
111100001
110101000
111110001
000010100
000001011
010011100
001010011
000001011
000001011
001010100
001010100
001010011
001010011
001010011
001001011
001010011
010011100
010011100
001010011
001010011
001010011
001010011
000001001
000001001
000001001
000000001
000000001
010011100
001010011
010011100
010011101
000010100
000010100
000010100
000010100
000010100
000010100
000010100
010011101
000010100
010011100
001010011
001010011
001010010
111111111
011010010
110101011
101100011
110101011
011010000
111101010
111100001
111100000
111100001
111100000
111100000
111100001
111100001
111100001
111100001
111101001
111100001
111100001
111100000
111100001
111101001
111101001
000010100
001010100
001010011
010011100
001010011
000001011
000001011
001010100
010011101
010011100
010011100
001010011
001010011
010011100
001010011
010011100
001010011
010011100
000001001
000001001
000001001
000000001
000001001
000001001
001010011
001010011
001010011
001010100
000010100
000010100
000010100
000010100
000010100
000010100
001010100
001010100
001010100
001010011
010011100
010011011
010011011
111111111
010010001
101100011
011010000
110101011
110110011
111101010
111100001
111100000
111100000
111100000
111100000
111100000
111100000
111100001
111100001
111100000
111100001
111100001
111100001
111100001
111101010
111110010
000010011
001010100
001010011
001010011
010011101
001010011
000001011
001010100
001010011
001010100
001010011
001010011
001010011
010011100
001010100
001010100
001010011
001010011
000000001
000001001
000000000
000001001
000001001
001010011
001010011
001010011
010011100
001010011
001010100
001010100
001010011
001010100
001010100
000010100
001010100
001010100
001010011
010011100
111111111
001010001
001010010
111111111
010011011
011011011
011011010
100011001
110101011
111101010
111101001
111101001
111100001
111100001
111100001
111100000
111100000
111100001
111100000
111100001
111100001
111100000
111100001
111100001
110101011
011010000
001010011
000010011
001010100
001010100
001010100
010011101
001010100
001010100
001010100
001010011
001010011
001010011
010011100
001010011
000010100
001010100
001010011
010011100
000001001
000000001
000001001
000001001
000000001
001010011
001010011
010011100
010011100
001010011
000010011
001010100
001010100
001010100
001010100
001010100
001010100
001010100
001010011
001010011
111111111
111111111
001010010
110111111
111111111
001010010
110101101
111111110
111111101
111111100
111110010
111101010
111100001
111100001
111100001
111100000
111100000
111100000
111100001
111100001
111100001
111100001
111100001
110100010
110101100
010010001
001010011
001010100
001010100
000010011
000010100
000010100
010011101
010011101
001010100
001010100
001010011
001010011
001010011
001010011
001010011
001010011
010011100
001001011
000001001
000001001
000001001
000001001
000000001
001010011
001010011
010011100
001010011
001010100
001010100
001010011
000010100
001010100
001010011
001010011
001010011
001010100
001010011
010011100
001010010
111111111
001010010
001010011
001010011
010011011
010010001
110101100
010010001
111111110
010010000
111101011
111101011
110101001
111100001
111100000
111100001
111100000
111100001
111100001
111100001
111100001
110101010
110101011
010010001
010010010
011101110
001010011
001010011
001010011
000010100
000010100
000010100
001011101
000010100
000010100
001010011
001010011
001010100
010011100
001010011
010011100
001010011
001010011
000000001
000001001
000000001
000001001
000000001
001010011
010011100
010011100
001010011
001010011
001010011
001010011
001010011
000010011
001010011
001010011
001010011
001010011
010011100
001010011
010010011
110111111
110111111
001010011
001010011
011011011
010010001
110110101
110101101
010010001
101101011
011010000
011010000
111101011
111101010
111100001
111100001
111100000
111100001
111100001
111100001
110101010
011010000
111111110
111111111
111111111
011101101
011101110
011101110
001010100
001010100
001010011
000010011
000010100
000010100
000010100
001010100
010011100
001010011
010011100
010011100
010011100
001010011
001010011
000000001
001000001
001000001
001000001
001001010
001001011
010011100
001010011
001010011
001010011
111111111
100101101
011101101
100101101
011101101
100101101
001010011
010011100
001010011
001010011
001010011
001010011
001010011
001010011
010011100
111111111
111111111
010010001
110101100
110101100
101100011
110100011
011010000
100010001
011010001
110101011
111101010
111101001
111101001
111101010
011001000
010001001
010010010
111111111
010010010
110101101
110111111
011101101
011101110
011101110
100101110
001010011
001010011
000010011
000010100
000010100
001010100
010011101
001010011
010011100
010011100
010011100
001010100
001010011
001000001
001000001
001000001
001000001
000000001
001010011
001001011
001010011
001010011
110111111
110111110
100101100
110111111
110111111
101110110
101110110
100101101
110111111
111111111
001010011
001010011
001010011
001010011
001010011
010011011
010010010
111111111
111111111
010010001
010010001
010010000
101100011
101100011
101100100
111111111
010010001
110101010
110101001
110100001
110100010
101100011
101100100
001010010
001010010
010010001
110110101
110111111
100101101
110111111
110111111
100101101
100101101
011100101
001010011
000010011
001010100
010011101
001001011
010011100
001010011
001010011
001010011
001010011
001010011
001001001
001000001
000000001
000000001
000000010
001010011
001001011
001010011
001010010
111111111
110111110
100101100
101110110
111111111
111111111
110111110
100101101
011101101
011101101
110111111
001010011
001010011
001010011
110111111
111111111
010010010
001010010
010010011
010010010
001010010
010010010
010010010
010010010
011011010
111111111
111111111
010010001
010010001
100010001
011001000
010010001
010010001
010010001
110110100
110110100
101101100
110111111
010011011
100101100
100101100
111111111
110111111
010011100
101111111
001010011
001010011
001010011
001001011
010010100
001001011
001010011
001010011
001010011
001010011
000000001
000000000
000001001
000000001
001010011
001010011
001010011
001010011
111111111
100100100
110111110
010011010
010011011
101110110
111111111
100101100
110111111
100101100
011101101
011101101
001010011
001010011
001010011
001010010
111111111
111111111
001010011
001001011
001010011
111111111
111111111
001010010
011011011
110110110
010010010
001010010
010010010
101101100
101100100
101101100
100101101
001010001
110110100
110110100
010010000
010010000
011101101
010011011
110111111
111111111
101110101
100101100
011101101
101111111
110111110
110111111
110110111
001010010
011011100
001010011
001001010
001001010
001010011
001010011
000001001
000001001
000001001
000001001
001010010
001010010
001010011
001010011
100101101
100101100
111111110
111111110
100101100
101110101
110111111
100101101
101110101
110111111
101110110
011101110
001010011
001010100
001010011
010011100
001010010
111111111
111111111
001010010
010011100
001010011
111111111
111111111
011011100
001010010
101101101
110110101
101101100
110110101
110101100
110101101
001010010
001010011
001010010
010010001
010010001
111111111
100101110
011101101
101110110
101110101
111111111
110111111
100101101
010011011
100101100
100101100
111111111
100101101
000000001
000000001
000000001
000001001
001010011
001010011
000000001
000001001
000001001
000001001
111111111
111111111
100101101
110111111
111111111
111111111
111111110
110110101
111111110
110111110
100101101
100101100
110110101
111111110
100101100
100101101
001010011
001010011
001010011
010011100
001010011
010011100
111111111
010011011
001010011
001010011
011011011
001010010
010011100
001010011
010010010
010010001
010010001
010010001
011011010
010010010
001010011
001010011
110111111
111111111
111111111
111111111
011101101
100101101
011101101
011101101
101110110
101110110
110111111
100101100
110111110
111111110
110111111
100101101
000000001
000000001
000001001
000001001
111111111
110110111
000000001
001001001
000000001
000001001
100101101
100101101
100101101
110111111
111111110
111111110
101110101
101110110
110111111
100101100
100101100
110111110
100101100
100101100
110111101
110111101
111111111
001010010
001010011
010010100
010011100
001010011
001010011
010011100
001010011
001010011
010011011
010011100
000010011
001010011
111111111
111111111
111111111
111111111
111111111
001010010
000010100
001010100
001010011
001010011
001010011
001010011
110111111
110111111
100110110
001011100
011101101
101110110
110111111
100101100
110111111
100101100
100101101
000001001
000001001
001001001
000000001
000001001
100101101
100101101
000000001
000000001
001001001
000001001
000001001
110111111
100101101
101110110
101110110
101110101
101111110
100101101
100101101
100101100
111111110
111111110
111111111
111111111
110110101
110110101
111111111
001010010
001010011
010011101
001001011
001010100
010011100
001010011
001010011
110111111
111111111
001010011
001010011
000010011
001010011
001010010
001010010
001010010
010011100
001010011
001010100
001010100
001010100
001010011
001010011
001010011
011101110
011101101
110111111
110111111
011101101
011101110
011101101
010011011
100101101
010011011
011101101
000001001
000000001
001000001
000001001
000000001
100101101
100101101
000000001
001000001
000000001
000001001
000001001
100101101
100101100
110111110
110111111
011101101
001011011
011101101
110110110
100101100
100101100
101110101
100101100
111111111
101110101
100101100
100101101
010011100
010011100
010011100
010011101
010011100
001010011
001010100
001010100
001010011
001010011
110111111
110111111
001010011
001010011
001010011
010010011
001001011
010011100
001010011
001010100
001010100
001010011
001010011
110111111
111111111
011101110
011101101
010011011
010011011
011101101
011101101
101110110
101110110
100101101
101110110
100101101
000001001
000001001
000000001
001001001
000001001
000001001
000000001
001000001
001000001
000000001
000000001
000000001
111111111
111111111
100101101
011101101
001011011
011101101
101110110
111111111
111111110
111111111
110111111
100101100
110111111
110111111
111111111
101110110
001010011
010011100
010011100
001010011
001010100
000010011
000010100
001010100
001010011
010011100
010011100
001010011
001010011
000010100
001010100
001010011
111111111
010011100
001010011
001010011
001010011
001010011
110111111
001010010
001010010
011101110
011101101
100101101
100101100
111111111
111111110
111111111
111111110
111111110
111111111
110111111
100101101
000000001
001001001
000000001
000001001
000001001
000001001
000001001
001001001
000000001
000000001
001000001
001000001
110110110
110111111
011101100
110111111
111111111
111111111
110110110
101110110
101110110
101110110
110111111
100101101
101110101
110111111
110111111
001010011
001010011
001010100
001010011
001010100
001010011
001010011
001010011
001010011
010011100
001010011
010011100
000010100
001010100
001010100
001010011
110111111
110111111
110111111
110111111
001010011
001010011
001010011
001010011
001010011
011101101
110111111
110111111
111111111
101110110
110110110
110110101
110110110
110110101
111111111
100101101
111111111
000000001
000000001
000000001
000001001
000000001
000001001
000000001
000000001
000001001
001000001
001000001
001000001
000000001
100101101
011101100
101110110
110110101
110110101
111111111
100101101
010011011
011101101
011101101
100101101
110111111
011101101
011101101
001010011
001010100
001010100
010011101
001010011
001010011
001010011
001001011
010011100
001010011
001010100
000010011
000010100
001010100
001010100
001010011
001010011
001010011
001010011
001010011
001010100
001010100
001010100
001010100
001010011
001011100
010011011
100101101
100101100
011101110
001011100
010011100
011101101
010011011
010011011
100101101
000000001
000001001
000001001
000001001
000000001
000001001
000000001
001001001
001000001
000000001
000000001
000000001
001001001
000001001
010011011
100101101
011101100
110111110
100101100
100101101
010011011
010011011
100101100
111111111
110111111
011101101
001011100
001011100
001010011
001010011
010011100
001010100
001010100
001010011
001010100
001010011
010011100
001010011
001010011
001010100
010011101
001001100
001010100
001010100
001010011
001010011
001010011
001010100
000010100
000010100
000010100
000010100
000010100
011101110
110111111
110111111
110111111
001011100
000010100
001010100
010011100
001010011
001010011
001010011
000001001
000000001
000000001
000001001
000001001
000001001
000001001
001000000
001000001
001001001
000000001
000000001
000000001
000001001
000001001
110111111
011101101
111111111
111111111
110111111
011101110
110111111
110111111
111111111
100101101
011101101
010011100
011101110
001010011
001010011
010011100
001010011
001010100
001010100
001010100
001010100
010011100
001010100
001010011
001010100
010011101
001010100
000001100
000001011
000010011
000001011
000001100
000001100
000001100
000010100
000010100
000010100
000010100
001010011
001010011
001010011
000010011
000010100
000010100
001010011
010011100
001010011
001010011
000001001
000000001
000000001
000001001
000001001
000001001
000000001
001000001
001000001
001000001
000000001
000001001
000000001
000000001
000001001
000001001
100101101
011101101
001010011
010011100
000010011
011101110
011101110
011101110
010011100
010011100
111111111
111111111
001010011
001010011
010011100
001010011
001010100
001010100
001001100
001010100
010011101
001010100
001010100
001010100
000001011
000001011
000001100
000010100
000010100
000010100
000010100
000010100
001010100
000010100
000010100
000010101
000010100
000010100
001010011
010011100
000010011
001010100
000010100
001010100
001010100
010010100
001010011
000001010
000000001
001000001
000000001
001001001
000000001
000001001
001000001
001000001
001000001
001000001
000000001
000001001
001000001
000000001
000001001
000001001
010011100
010011100
000010011
001010100
001010100
000010100
000010011
001010100
001010100
001010011
001010010
001010010
001010011
010011101
000010011
001010100
000010011
000001011
001010100
001010100
001001011
001001011
000001011
000001011
001010100
001010100
000010100
000010100
000010100
000010100
000010100
000010100
000001100
000010100
000010100
000010100
000010100
000010100
001010011
001010011
010011100
001010011
001010100
000010011
001010011
010011100
000001010
000000001
000000001
001000001
001000001
001000001
000000001
000001001
001000001
001000001
001000001
001000001
001000001
001000001
001000001
001000001
001001001
000001001
001010011
001010011
001010100
001010100
001010100
001010100
001010011
001010011
001010011
001010011
001010010
001010011
001010011
001010100
001001100
001010100
000001011
000010011
000001011
000001011
001010100
001010100
000001011
000001011
000001100
000001011
000001011
001010100
000010100
000010100
000010100
001010100
001010100
000001100
001010100
001011101
001011101
000010100
001010011
001010011
001010011
010011100
001010100
001010100
001010011
010011100
000000001
000001001
000000001
001000001
001000001
001000001
000000001
000001001
001000001
001000001
001000001
001000001
001000001
001000001
001000001
001000001
000000001
000000001
001010011
001010100
001010100
001010100
001001011
001001011
001010011
001010011
001010011
000001010
000001010
000000001
001001011
000001011
000010100
000001100
000001011
001010100
000010100
000010100
000010011
000001011
001010100
000010100
000010100
001010100
000010100
000001011
000001100
001010100
010011101
010011101
001010100
000001100
001010011
010011101
000010100
000010100
001010100
001010100
001010011
010011100
001010100
001010100
001010011
010011100
000001010
000001001
000000001
001000001
001000001
001000001
000000001
000001001
000000001
000000001
001000001
001000001
001000001
000000001
001000001
001000001
001000001
000000001
001010011
001010100
001010100
001010011
001010011
001010011
000001011
001001011
000000010
000000001
000000001
000001001
000000010
001001011
000010100
000010100
000010100
000010100
000001100
000010100
000010100
000010100
000010100
000010100
000010100
000010100
000010100
000010100
001010100
001010100
010011101
001010100
001010100
000001011
010011101
000010100
000010100
000010100
001010100
001010100
000001011
001001011
001010100
001010100
001010011
010011100
001010011
000000001
001000001
001000001
001000001
001000001
000000001
000001001
000001001
000000001
001000001
001000001
000000001
000000001
000000001
000000001
001000001
000000001
001010011
001010100
001010011
000001010
000001010
000001011
000001011
001010011
001001010
001000001
000000001
000000001
000000001
001010011
000010100
000010100
000001100
000001100
000010100
000010100
000010100
000010100
000010100
000010100
000010100
000010100
000010100
000010100
010011101
010011101
000010100
000010100
000001011
010011101
000010100
000010100
000010100
000010100
001010100
001010100
001010100
000001011
000001011
001001011
001010011
010011100
001010011
000000001
001000001
001000001
001000001
001000001
000000001
000001001
000001001
000000001
001000001
001000001
000000001
001000001
001000001
001000001
001000001
000000001
001010011
001010011
000001010
000000001
000001001
000001010
001001011
010011100
000000001
000000001
000001001
000001001
000000001
001010011
001010100
000001100
000010100
000010100
000010100
000010100
000010100
000010100
000010100
000010100
000010100
000010100
000010100
000010100
001011101
001010100
001010100
000010100
000001011
001010100
000010100
000010100
000010100
000010100
001010100
001010100
001010011
001010100
000001011
001001011
001010011
001010011
001010011
000001010
001000001
001000001
001000001
001000001
000000001
000000001
000001001
000001001
001000001
001000001
000000001
000000001
001000001
001000001
001000001
001000001
000001010
001001010
000000001
001001001
000001001
000001001
001001011
001001011
000000001
001000001
000001001
000001001
000001001
000001010
000001011
001010100
001010100
001010100
000010100
000010100
000010100
000010100
010011101
000010011
001011101
000010100
000010100
000010100
000010100
000010100
000010100
000001011
010011101
000010011
000010100
000010100
000010100
000010100
001010100
001010100
001010011
001010100
000001011
001010100
000001011
010011100
001010011
000001010
001000001
001000001
001000001
001000001
001000001
000000001
000001001
000001001
001000001
001000001
001000001
000000001
000001001
001000001
001000001
001000001
001000001
001000001
001000001
001000001
000001001
000001001
010011100
001010011
000000001
000000001
000001001
000001001
000001001
001010011
001010100
000010100
000001100
000001100
001010100
010011101
010011101
000010011
000001011
000001100
000010100
000010100
000010100
000010100
000010100
000010100
000001011
010011100
000010100
000010100
000010100
000010100
000010100
000010100
001010100
001010100
001010100
001010100
000010100
000001011
001010100
000001011
000010011
001001011
000001001
000000001
001000001
001001001
001000001
000000001
000001001
000001001
001000001
001000001
001000001
000000001
000001001
000000001
001000001
001000001
001000001
001000001
001000000
001000001
000000001
000001001
001010100
001010011
000001001
000000001
000000001
000000001
000000001
000001010
001010100
000010100
000010100
010011101
000001011
001001011
000001011
001010011
000001011
001010100
000010100
000010100
000010100
000010100
000010100
000010100
000001011
001010100
000010100
001011101
000010100
000010100
000010100
000010101
001010100
000010100
001010100
000001011
001010100
000010100
000001100
001010100
000001100
001010011
000000001
000000001
001000001
001000001
001000001
000000001
000001001
000001001
000000001
000000001
001000001
000000001
000001001
000001001
000000001
001000001
001000001
001000001
001000001
001000001
000000001
000001010
001010011
001010011
000000001
000001001
000001001
001001001
001000001
000000001
001010011
000010100
000010100
000010100
010011101
001010100
001001100
010011101
010011101
000001100
001010100
000010100
000010100
000010100
001010100
000001011
001011101
001010100
001011101
000010100
000010100
000010100
000010100
000010100
001011101
000010100
000010100
000001100
000010100
000010100
000010100
000001100
000010100
001010011
000000001
001001001
001000001
001000001
001000001
000000001
000001001
000001001
000000001
000000001
001000001
001000001
000001001
000001001
000001001
000000001
001000001
001000000
001000000
001000001
000001010
001010011
000001011
000001011
000001010
000000001
000000001
000000001
001000001
001000001
000001010
000010011
000010100
000010100
000001100
000001011
001010100
001010100
001010100
010011101
001011101
000010100
000010100
000010100
000001011
010011101
000010100
000010100
000001011
000010100
000010100
000010100
000010100
000010101
000010100
010011101
010011101
000001100
000010100
000010100
000010100
000010100
000010100
001010011
000001001
001000001
001000001
001000001
001000001
000000001
000000001
000000001
000000001
001000001
001000001
001000001
000000001
000001001
000001001
000000001
001000001
001000001
001000001
001000001
000000010
001010011
000010100
000010100
001010011
000000010
000001001
000001001
001001001
001000001
000000001
000001010
000010011
000001011
001010100
010011101
001010100
001010100
000010100
000010100
000010100
001011101
000010100
000010100
000010100
000010100
000010100
000010100
000001100
001010100
000010100
000010100
000010101
000010101
000010100
000010100
001010100
000001011
010011101
000010100
000010100
000010100
000010100
000001011
000000001
001000001
001000001
001000001
001000001
000000001
001000001
001000001
001000001
001000001
001000001
001000001
000000001
000001001
000001001
000000001
001000001
001000001
001000001
001000001
000001010
001010011
000010100
000010100
001010100
000000010
000001001
000000001
000000001
000000001
000000001
000001001
001010011
000001011
000010011
000001011
000001011
000001100
000001100
000010100
000010100
000010100
000010100
000001100
000010100
000010100
000010100
010011101
000001100
000010100
000001100
000010100
000010100
000010100
000010100
000010100
000010100
001010100
000010100
010011101
000010100
000010100
000010100
000001011
000000001
001000001
001000001
001000001
001000001
000000001
001000001
001000001
000000001
001000001
001000001
001000001
001000001
000000001
000001001
000001001
001000001
001000001
001000001
001000001
000000001
000001010
000010011
000010100
001001011
000000010
000001001
001001001
001000001
001000001
001000001
000000001
001010100
000010100
000010100
000010100
000010100
000010100
000010100
000001100
000001100
000001100
000001011
000001100
000001011
000001011
000001100
000001011
000001011
001001100
000010100
001011101
001011101
000010100
000010100
000010100
000010100
000010100
000010100
000001100
000010100
000010100
000010100
001010100
000000001
001000001
001001001
001000001
001000001
001000001
001000001
001000001
000000001
001000001
001000001
001000001
001000001
000000001
000001001
000001001
001000001
001000001
001000001
001000001
001000001
000000001
000001010
001010011
001001011
000000010
000000001
001000001
001000001
001000001
001000001
000000010
001010100
000010100
000010100
000010100
000010100
000010100
000010100
000010100
000010100
000001100
000010100
000010100
001010100
000010100
010011101
001001011
001010100
000001011
010011101
000010100
000010100
000010100
000010100
000010100
000010100
000010100
000010100
000010100
000001100
000001100
000010100
001010011
000000001
001000001
001001001
000000001
000000001
001000001
001000001
001000001
001000001
000000001
001000001
001000001
001000001
001000001
000000001
000000001
000000001
001000001
001000001
001000001
001000001
001000001
000000001
000000001
001000001
001000001
000000001
000000001
001000001
001000001
001000001
000000001
001010011
000010100
000010100
000010100
000010100
001011101
001010100
001010100
000010100
000010101
000010100
000010100
000010100
000010100
010011101
000001011
000010100
000010100
001011101
000010100
000010100
000010100
000010100
000010100
000001100
000010100
000010100
000010100
000010100
000010100
000001100
001001011
001000001
001000000
000000001
000000001
001001001
001000001
001000001
001000001
001000001
000000001
000000001
001000001
001000001
001000001
000000001
000000001
000001001
000001001
000000001
001000001
001000001
001000001
001000001
001000001
001000001
001000001
000000001
000000001
001000001
001000001
001000001
000000001
001010011
000010100
000010100
000010100
000010100
000001100
010011101
000001100
000010100
000010100
000010100
000010100
000010100
010011101
000001011
001010100
000010100
001011101
000010100
000010100
000010100
000010100
000010101
000010100
000010100
000010100
000010100
000010100
001010100
000010100
001010100
001001011
001000001
001000001
000000001
000001001
000001001
000000001
001000001
001000001
001000001
000000001
000000001
001000001
001000001
000000001
001000001
001000001
000000001
000001001
000000001
001000001
001000001
001000001
001000001
001000001
001000001
001000001
001000001
001000001
001000001
001000001
000000001
000000001
001010011
000001010
000010100
000010100
000010100
000010100
000001100
000010100
000010101
000010100
000010101
000010100
000001100
010011101
000001011
000001100
001011101
000010100
000010100
000010100
000010101
000010101
000010100
000010100
001011101
000010011
000001011
001010100
000010011
000010011
001010011
000000010
000000001
001000001
000000001
000000001
000001001
000001001
001000001
001000001
001000001
000000001
001000001
001000001
001000001
001000001
001000001
001000001
000000001
000001001
000000001
001000001
001000001
001000001
001000001
001000001
001000001
001000001
000000001
000001001
001000001
001000001
000000001
000000001
000000001
000001010
000001010
001010100
000010100
000001100
000001100
000010100
000010100
000010101
000010100
000010100
000010100
010011101
000001100
010011101
000010100
000010100
000010100
000010100
000010101
000010101
000010101
000010100
000010011
001010011
001010100
000001011
001010011
001010011
001010011
000000010
001000001
001000001
001001001
000000001
000001001
000000001
001000001
001000001
001000001
001000001
001000001
001000001
001000001
001000001
001000001
001000001
000000001
000001001
000000001
001000001
001000001
001000001
001000001
001000001
001000001
001000001
000000001
000001001
000000001
001000001
000000001
000001001
000001001
000000001
000000001
001001011
001010100
000001100
010011101
000001100
000010100
000010100
000010100
000010100
000010100
000001011
000010100
001011101
000010101
000001100
000010100
000010101
000010100
000010100
000010100
000010100
001010011
000001010
000001010
000001010
000001010
000001001
000001001
000000001
001000001
001000001
000000001
000000001
000001001
000001001
001000001
001000001
001000001
001000001
001000001
001000001
001000001
001000001
001000001
001000001
000000001
000000001
001000001
001000001
001000001
001000001
001000001
001000001
001000001
001000001
000001001
000001001
000000001
001000001
001001001
000000001
000000001
001001001
000001001
000001010
000001011
010011101
000010100
000010100
000010100
000010100
001011101
000010100
000010100
000010100
000010100
000010100
000010100
000010100
000010100
000010101
000010100
000010100
000010100
001010100
000001010
000001001
000000001
000001010
000000001
000001001
000000001
001000001
001000001
001000001
001000001
000000001
000001001
000000001
001000001
001000001
001000001
001000001
001000001
001000001
001000001
001000001
001000001
001000001
001000001
001000001
001000001
001000001
001000001
001000001
001000001
001000001
001000001
000000001
000000001
000000001
001000001
001000001
001000001
001000001
001000001
000000001
000001001
000000001
001010011
000010100
000010100
000010100
000010100
000010100
000010100
001011101
000010100
000010100
000010100
000010100
000010100
000010100
000010100
000010100
000010100
000010100
001010100
001010011
000000001
000000001
000001001
000000001
000001001
001001001
001000001
001000001
001000000
001000001
001001001
000000001
000000001
001000001
001000001
001000001
001000001
001000001
001000001
001000001
001000001
001000001
001000001
001000001
001000001
001000001
001000001
001000001
001000001
001000001
001000001
001000001
000000001
000000001
000000001
001000001
001000001
001000001
001000001
001000001
001000000
001000000
001001001
000000001
000001010
000010011
000010100
000010100
000010100
000010100
000010100
000010100
000010100
000010100
000010100
000010100
000010100
000010100
000010100
000010100
000010100
000010100
001010011
000000010
000000001
001000001
000000001
000001001
001000001
001000001
001000001
001000001
001000001
001000001
000000001
000001001
001000001
001000001
001000001
001000001
001000001
000000001
000000001
000001001
000001001
000001001
000000001
000000001
000000001
001000001
001000001
001000001
001000001
001000001
001000001
001000001
000000001
000001001
000000001
001000001
001000001
001000001
001000001
001000001
001000001
001000001
000000001
000000001
000001010
000001011
000010100
000010101
000010100
000010100
000010100
000001100
000010100
010011101
000010100
000010100
000010100
000010100
000010100
000001100
000010100
000010100
001010011
000001010
001000001
001000001
000000001
000001001
001000001
001000001
001000001
001000001
000000001
000000001
000000001
000000001
001000001
001000001
001000001
000000001
000000001
000000001
000000001
000001001
000001001
000001001
000001001
000001001
000000001
000000001
001000001
001000001
001000001
001000001
001000001
001000001
000000001
000000001
000000001
000000001
000000001
001000001
001000001
001000001
001000001
001000001
001000001
000000001
000000001
000001010
000001011
000010100
000010100
000010100
000001100
000001100
000010100
000010100
001011101
000001100
000010100
000010100
000001011
000010100
000001100
000010100
001001010
000001001
001000001
001000001
000001001
000001001
001000001
001000001
001000001
001000001
000001001
000001001
000001001
000000001
000000001
001000001
000000001
000000001
001000001
000000001
000000001
000000001
000001001
000001001
000001001
000001001
000000001
000000001
001000001
001000001
001000001
001000001
001000001
001000001
001000001
000000001
000000001
000000001
001000001
001000001
001000001
000000001
001000001
001000001
001000001
001000001
001000001
000000001
000001010
001001011
000001011
000010100
000001100
000010100
000010101
000010100
000010100
010011101
000001100
000010100
000010100
000001100
000010100
000010101
000001010
000000001
001000001
001000001
000001001
000001001
000000001
001000001
001000001
000000001
000001001
000001001
000001001
000000001
000000001
000000001
000000001
000000001
000000001
000000001
000000001
000001001
000001001
000001001
000001001
000001001
000000001
001000001
001000001
001000001
001000001
001000001
001000001
001000001
000000001
000000001
001000001
001000001
001000001
001000001
001000001
001000001
001000001
001000001
001000001
001000001
001000001
000000001
000000001
000000010
000001010
000001100
000001100
000010100
000010100
000010100
000010100
000001100
000010100
000010100
001011101
000010100
000010101
000001101
000000001
001000001
001000001
001000001
000001001
000001001
000000001
000000001
000000001
000000001
000001001
000001001
000000001
000000001
000000001
000000001
000000001
000001001
000001001
000001001
000001001
000001001
000001001
000001001
000001001
000000001
000000001
001000001
000000001
000000001
000001001
000001001
000001001
000001001
000001001
000000001
001000001
001000001
001000001
001000001
001000001
001000001
001000001
001000001
001000001
000000001
001001001
000000001
001000001
000000001
000000010
010011100
010011101
010011101
010011101
000010100
000010100
000010100
000010100
000010101
000010100
000010101
000010101
000010101
001000001
001000001
001000001
001000001
000001001
000001001
000001001
000000001
000000001
000000001
000001001
000001001
000000001
000000001
000000001
000000001
000000001
000000001
000001001
000001001
000001001
000001001
000001001
000001001
000000001
001000001
001000001
001000001
001000001
000000001
000001001
000001001
000001001
000000001
000000001
001000001
001000001
001000001
001000001
001000001
001000001
001000001
001000001
001000001
001000001
001000001
000000001
001000001
001000001
001000001
000000010
001010011
000001011
000001011
000010100
000001100
000010100
000010100
000010101
000010101
000010100
000010100
000010101
000010100
001000001
001000001
001000001
001000001
000000001
000001001
000001001
000001001
000000001
001000001
001000001
001000001
001000001
001000001
001000001
000000001
000000001
000000001
001000001
001000001
001000001
001000001
001000001
001000001
001000001
001000001
001000001
001000001
001000001
001000001
000000001
000001001
000000001
001000001
001000001
001000001
001000001
001000001
000000001
000001001
001000001
001000000
001000001
001000001
001000001
001000001
001000001
001000001
001000001
001000001
000001010
000001011
000010100
000010100
000001100
000010100
000010100
000010100
000010101
000010101
000010100
000010100
000010100
000010101
001000000
001000001
001000001
001000001
001000000
000000000
000001001
000001001
000000001
000000001
001000001
001000001
001000001
001000001
000000001
000000001
000000001
001000001
001000001
001000001
001000001
001000001
001000001
001000001
001000001
001000001
001000001
001000001
001000001
001000001
000000001
000000001
001000001
001000001
001000001
001000001
001000001
001000001
000000001
000001001
001000000
001000001
001000001
001000001
001000001
001000001
001000001
001000001
001000001
001000001
000001010
000010011
000010100
000010100
000010100
000010100
000010101
000010100
000010101
000010100
000010100
000010101
000010100
000010100
